298708
422966
527837
436011
947110
880018
780767
56650
346313
419378
23909
596887
629954
87624
972453
765549
729262
105555
268714
467001
527499
179368
572910
535118
773629
972262
584658
369925
722250
333776
29384
633277
348260
523425
742600
272586
909662
18753
834805
730306
63119
5241
968798
426267
300517
98816
437395
280616
450659
993857
592448
23357
495831
571155
319435
569568
396480
792015
268376
342537
749672
373448
211479
712859
150682
559712
165352
680583
968301
649044
369276
70446
249942
97895
191246
493720
283441
892439
107279
475046
763381
813861
937231
383495
909209
17132
208211
226304
383198
200374
748472
63804
680298
325101
693080
594778
947083
885463
931996
355429
690800
239184
402902
601580
854325
652799
964050
369669
861450
238939
727254
791559
496476
139164
894914
156208
584089
546733
313183
427799
745641
961905
273240
430984
519996
686678
233624
908460
221301
715062
680094
298779
768047
760129
241036
665770
461901
499695
367145
172959
481280
97768
301612
975686
257847
141460
195027
806940
41837
980117
923593
40170
163640
109509
593767
925194
390263
44002
875024
875765
663201
646725
428421
839322
130230
392635
964014
297854
924255
154960
535400
855826
262170
135187
996102
297537
3819
30342
121939
491806
760074
43514
652178
309405
229467
45380
50154
231908
596599
350262
254467
52147
468339
679970
394198
991576
539989
247011
60653
372779
991798
473558
297919
670570
539762
672490
454483
718558
45299
950742
912568
3403
529856
276609
961437
832994
779061
804667
284719
533355
896785
918790
905271
695101
87239
97021
291458
907791
398081
628139
452991
465590
523187
295052
87000
545520
218555
309112
913157
584841
964683
55421
23322
958395
395351
221418
508255
91699
790886
87812
570100
845755
74579
81574
575575
17321
415674
263191
482666
221208
386264
531660
411097
975703
86407
907624
238499
401006
712392
501877
974852
741516
479563
635051
247391
350661
550077
670953
219448
855354
142783
53601
62125
784872
615066
472796
421099
900578
790496
843258
284149
385734
151919
616634
220909
228188
848103
115466
173122
146760
148750
224875
132046
329009
87362
55927
324822
340851
19331
210565
45186
999129
548344
267108
685598
448170
174907
654686
240148
971044
907603
126399
745457
354110
973388
802214
147282
840681
723312
218268
461929
494822
504980
739558
382374
927697
103442
937004
731381
467690
224504
508488
482967
190915
44698
128232
185824
371618
84803
388468
628467
697374
744757
257743
903907
910239
912591
307531
514726
354496
434807
872078
948176
961537
647532
5734
889233
333650
753137
603288
85815
386168
390046
839950
376373
274356
123222
999154
692337
949460
406087
249408
49413
365519
829325
578450
74000
620545
783287
459628
522204
718186
28243
75190
362715
664235
800740
655008
202297
802407
3206
724406
33730
316793
207894
649944
447161
844412
650229
445722
418355
860183
29269
609811
404938
603152
979562
318993
673705
787879
370120
833829
521342
58931
542169
408118
295912
118524
420796
857578
743928
669933
589739
950306
9875
577801
705195
593423
480604
227877
139553
943349
110898
901485
632707
775664
89570
840981
203699
780643
390471
627500
558854
234486
555975
562024
718773
326760
515579
183422
63691
673075
142570
631295
322224
66000
419701
706118
221792
80925
588672
41215
496062
6649
949029
975747
731500
584684
583195
3376
583221
85487
877248
113567
647067
331906
243754
372003
48873
481010
531729
830411
169753
354649
42120
513656
373973
993211
697308
651982
49569
81610
111611
310251
235057
394606
206404
656589
877175
242090
984090
730964
221261
487595
581450
617190
522095
218665
786678
915075
254820
985090
258261
545656
801937
998411
623959
760096
82858
610225
523477
492317
894063
761025
799554
550998
509388
249149
99510
502108
987992
544264
958304
733944
699735
624486
478090
899356
689670
252739
223750
468119
523248
979982
150727
369624
154769
65588
203109
644800
554881
37371
762205
913337
292628
26555
183370
743058
983405
487550
420958
680150
268334
576621
630029
920527
874094
879868
500446
963587
377500
156045
771024
804440
553631
379129
46384
495153
937767
747787
322727
10915
324490
840518
243476
742501
182749
668190
571042
359932
346589
866595
956862
874523
670586
739966
464307
634293
732152
933877
222190
848588
570893
271246
922775
325573
809539
414439
173107
741360
672516
821879
312885
641975
709230
935828
719904
960037
468736
471512
572607
974667
694296
544119
138798
1855
614381
968408
92056
999025
572172
508785
885820
853518
888362
334959
684822
484327
95468
535420
991711
833195
760977
120850
440138
604293
162541
428660
988516
666411
245436
425351
626769
158546
850157
589338
786913
240086
36699
203028
727731
87915
850897
765940
854836
914092
807656
520459
972202
188431
860230
817076
835781
492646
88178
688342
938158
650996
442560
54925
599693
775927
320029
881306
28193
70084
535732
451039
452377
663918
755669
210442
906615
934419
556150
661407
691090
606678
616161
568121
621165
210951
271180
364081
309941
363768
524682
278305
900018
177622
892404
208535
699969
994436
572506
203032
703780
563388
742085
451357
629394
513665
922920
851525
765061
282744
375832
974690
983873
198246
492907
104901
573733
274232
804814
270347
185862
772487
647037
247649
983856
878664
564522
881495
188891
544835
801659
355579
754722
151239
668606
424569
525386
681190
169228
721609
966049
621601
467156
310788
933540
423345
573369
392811
107306
195288
275796
448332
569051
955691
753641
555382
815964
846991
106258
974900
109136
536598
123595
190592
481358
930978
674235
472888
288114
695389
783679
465998
432753
559891
920720
841799
545008
957736
896857
872693
40045
177314
224850
155421
620829
698385
325164
459730
421292
830432
783786
747545
254706
961510
494316
208028
358849
741824
843118
840270
411315
465186
243863
265457
102871
174738
510090
638291
206186
172908
721916
567918
506426
80744
548958
767519
65098
677438
287146
958274
173694
141685
106838
646619
255401
218486
794433
306729
448184
912055
834677
897995
500517
15007
119760
547655
561425
242887
411303
444839
463301
231849
457705
48202
404152
683158
420981
362802
349283
10309
387290
915385
582287
839834
972276
537752
927522
364086
79448
456208
107082
889697
414401
55388
281306
286998
366953
665155
695882
989904
559418
627600
93941
770064
335292
163500
601751
95298
553130
839802
731959
373244
789822
216305
200362
806577
422840
319150
671493
204623
30727
5114
992991
239137
363102
237799
232012
159365
288137
640035
573755
876939
984303
19296
509686
991360
5603
883639
49148
590494
360428
566319
264254
269226
908862
23161
622425
445826
740980
877484
762662
672108
825262
31235
587523
624979
709182
904221
743126
662173
597251
211016
93634
111469
212438
257675
352145
472669
954501
898106
791490
852659
170982
191355
493137
907654
92539
141616
922995
195891
643325
46738
483297
906809
727915
571132
465166
87345
382138
668437
60006
719753
988849
981726
548819
122208
614337
21634
955398
965599
566793
938874
530874
841655
134449
571193
760223
685791
501199
313944
922998
698608
658265
452876
898933
4275
387630
819339
463828
535110
494755
935533
852989
625857
611958
529728
132180
135080
137115
137779
555230
635935
328510
166558
806149
863948
313195
790746
599201
16129
527412
203115
666982
363760
960124
473226
956635
152759
875227
301608
232393
958817
305795
117392
84579
788560
702593
544207
105214
119709
408064
826776
194825
547476
791953
814774
352371
345838
953878
187890
420410
137711
511360
383015
872554
669788
101981
56712
417337
859419
843641
626966
614128
670761
669962
878194
199192
381925
993570
313177
715486
435742
369055
858910
741301
321964
23200
92081
714456
184980
340259
402108
461707
183903
953167
617714
205015
88359
865098
413994
433775
92800
44356
175273
372460
466447
164587
413239
8540
214916
208453
456250
886172
625294
95702
775364
526518
759313
530887
860442
580706
467094
564886
722537
649445
927175
426867
185757
222240
389339
692025
116591
846609
117921
843200
665817
905832
378188
341456
142681
730430
649819
140346
882754
688977
964286
189539
13852
254648
623757
261626
872011
632950
308058
314257
139509
769269
472752
201261
774390
809784
565120
902595
339552
559829
547159
292004
447889
780945
837989
425382
686965
194256
501128
747916
227195
79458
362915
529922
280378
551563
19300
245145
602806
450267
162130
515769
776871
110691
150557
218034
736759
300105
250450
363149
897130
579178
628081
892551
347695
30536
814839
108074
841712
931606
143487
978327
795065
319700
176354
433096
972995
444444
873457
469743
908521
360170
694101
362693
273597
617550
520259
944219
937062
706388
655773
301511
77242
297556
250445
447211
829371
44665
853576
423751
79578
960256
789313
39987
623529
579064
250485
39291
354477
985412
412972
95700
281715
156389
593405
375428
125589
675300
62113
940288
642340
137619
703786
383388
229247
753753
587419
407620
348164
681069
323707
788744
687595
577678
766168
109860
210998
720573
473041
728955
820041
557382
317645
767916
267782
861747
84596
661190
753428
286800
513286
758982
679003
121795
316623
791943
721241
248816
42289
808189
392835
636769
462006
909623
592077
681639
251782
749649
121763
433626
843011
201987
737150
982859
520784
622584
434104
854253
388545
710654
844450
946836
828086
964416
316390
40371
798938
754093
500078
612410
774682
626002
285951
876492
528015
178952
467675
111526
776484
586058
459654
176508
410810
426644
726210
719247
34297
507948
396442
596264
969955
981429
491749
521970
622108
127107
310149
46006
324828
697972
562305
491172
799982
117091
538460
759494
822515
450770
38970
325462
271699
950406
20101
163
337079
221625
843242
283452
845275
490034
576932
34987
417571
379751
140890
239556
679269
716279
450771
621342
966756
588936
708398
603514
211230
751593
554326
683410
523895
837755
791981
497748
7537
845528
115364
393019
934447
521848
728355
298718
859829
328458
495367
399742
109042
162566
710525
710971
27569
122811
211728
739008
457186
73756
85258
859880
397564
26338
672920
59108
434703
144482
444266
983905
167212
377390
388629
273505
254549
381864
453411
590123
936751
712715
267890
540808
654491
987342
594650
256789
946732
111044
334453
916663
707989
65606
848295
983434
200841
588394
478643
274750
89463
283505
155936
250172
868087
446377
886994
137277
786888
896364
634540
449780
343833
743757
796038
500105
953612
275341
563610
944654
391369
373668
920447
594335
419681
58414
195295
3422
627618
852472
973779
517647
567402
711415
637558
49177
629549
924566
781367
846195
861399
276842
250867
514819
226475
622182
151425
817098
533939
380545
114532
550540
649470
903697
544375
830259
279538
349119
246468
584245
194092
628954
804121
118743
920347
576404
487660
163503
909549
355750
602224
212641
255539
255669
30921
211698
233878
527654
498450
12426
134652
141543
47172
853331
953536
539393
225120
257538
604851
298402
19084
132477
730337
636544
936653
752159
502273
944148
100433
222778
204648
405853
914985
797663
70746
792099
894798
799543
327991
693733
562853
550803
585032
900540
644220
647871
706660
777670
675855
921528
494449
516023
123561
843320
117369
241671
449620
145370
918700
779942
642376
101817
530184
207537
313703
313975
223656
889721
896450
699322
735143
581524
805200
123194
638801
49180
947440
966773
672959
287252
17953
264987
277338
270100
774899
51677
747071
188050
992295
789290
174534
763090
976982
678102
992628
858001
148711
327685
988208
528770
653620
746384
854084
74339
795210
141077
824232
360844
738341
953882
880033
868530
321473
480121
294614
670493
353285
264039
249958
566324
703228
694251
572495
285019
492622
743539
971337
824290
167161
470427
168689
141938
286994
610811
338147
178503
931896
132496
181440
423353
921074
667721
270571
266947
9724
841415
757021
931572
244054
311573
950759
837330
893841
824598
977480
466888
804316
890796
479577
412286
789557
827506
66249
551018
337043
2660
78325
515746
604334
614957
970337
336948
740350
766308
931323
295760
78599
746965
646020
815981
474152
442112
868177
23614
975678
26474
550955
460167
626562
662431
272665
136832
867289
624137
663636
272075
292678
514076
688972
509435
917454
940601
598963
791893
794933
749046
271833
60546
750422
338422
609981
548303
498231
470822
958141
230569
787263
228206
469283
799184
643635
232642
895497
874805
240188
731247
601653
497932
591278
990491
638488
152952
47813
36822
899647
872925
91106
722936
287876
966336
843576
874274
983704
968511
692940
674377
786688
441279
27857
969287
129044
239738
710231
697043
708621
934994
407892
946769
972601
114597
808540
943873
274231
827490
919579
630961
636167
362201
863072
124832
438563
680087
567408
520643
995253
622954
736768
849962
161137
87073
689912
896852
508522
525321
151112
615650
642330
720175
788713
654159
600654
893519
701873
313952
35577
983632
1705
852471
396344
618018
616273
119343
230418
591710
102256
888457
215863
181577
803564
653147
796311
917469
837081
183969
956739
182248
735583
155688
79869
815675
485509
179498
965774
354379
934718
59204
566067
310745
664335
128560
23416
326093
201382
380187
785914
568785
484139
46936
116033
587929
417884
164095
982601
371221
580131
87278
970258
146874
281814
873849
564463
111275
590807
71223
320294
933532
120379
205744
966136
276832
428475
961956
526754
984572
283009
925108
737805
463525
448499
108874
602395
360992
754523
178462
53782
696282
239007
542165
832740
3025
913812
781602
527416
401209
236410
462083
21100
586115
435443
891750
9365
90066
388328
623604
767074
793323
362358
768632
511584
930792
778596
768983
704357
628233
558742
309861
371890
182905
537260
366835
809273
545466
238457
557349
961461
627677
744081
914627
3388
351918
29381
255920
349170
778699
953350
48798
894942
793074
62746
897154
627858
273336
64823
106911
328160
225606
740606
274047
792341
489954
422752
323474
810807
517427
172888
131411
44793
946085
84237
110202
635515
439629
778291
881789
412385
778302
37817
494780
642448
844493
853190
400237
606801
132852
922979
786732
673380
284379
837224
877210
403528
456318
510186
967462
951028
363121
181810
181400
202851
252293
473060
669164
928780
416239
338906
281502
677103
280199
268487
552658
507801
883485
905975
558129
217341
725285
924271
805550
402234
835658
346825
946223
425539
638401
21039
130880
774111
14857
376024
72828
637487
672049
103294
86504
91733
641984
758498
53496
427592
725439
753429
132424
149597
115428
354280
338435
768931
926947
806505
480391
249026
342667
734250
13339
453529
192966
355085
706433
762908
265878
269948
590460
542509
432751
6527
681566
912290
608114
991812
724354
81054
383377
949419
515144
391596
152074
437473
712017
188411
120536
843206
842108
257172
286331
96480
545843
633271
406220
670591
231664
702084
805031
545521
63400
212166
352410
173997
970789
620874
883751
390646
801342
495654
326644
929214
575631
871586
315980
709266
65107
69005
767826
449444
528927
178142
824013
185370
856156
807062
140525
196467
458214
942144
439222
741005
245548
803370
626040
422999
889567
570572
323240
679935
28438
753532
622614
290338
829657
337448
145858
473494
201962
454999
713077
590482
185783
865757
42025
265015
190939
307104
436293
36581
683216
285421
425533
145755
746960
208961
919572
61866
159427
808144
850697
178037
25994
858308
243746
746506
548324
505660
437302
655114
546243
918849
444736
495807
399266
583390
276583
556824
351445
449188
357779
58194
447085
962332
436993
339279
42180
963144
528610
158243
243024
275909
668069
396101
464995
53456
572749
889615
482739
427615
112228
444457
320326
546615
246683
311380
248478
901430
879396
782654
984945
322304
526928
595096
887804
843939
628151
701564
209025
865958
489455
306920
672072
437069
515402
207594
260337
619721
492224
888400
526075
872546
624304
472661
973428
593741
803046
663705
555396
137831
754837
243105
249073
136795
657290
273247
419585
175048
659679
344918
238276
686423
913060
670564
590011
512881
681692
474079
236362
392476
240974
541907
698954
389868
82775
308042
456714
705961
52674
514345
993522
903954
240664
556274
940678
766293
576715
141228
69869
125989
843949
778245
798293
797466
602963
580439
451395
120195
968576
207820
642155
48942
974812
388343
244523
36765
89569
320247
295297
756907
770879
318272
924060
254770
520851
67537
135130
236368
163668
931615
75082
894919
766649
359064
844836
652034
878264
287631
952174
47781
497090
618615
194527
925432
400780
825639
646217
486551
935048
124300
833658
600616
213989
410904
539799
361154
381940
901911
85684
998735
218900
867165
380734
754379
387391
880024
465893
930570
904856
264754
356294
857855
441686
950725
490253
526614
569141
949003
285148
481047
409132
826780
628017
194634
90035
527134
424143
277729
544623
64932
587108
399181
405727
921111
771621
773884
986221
468013
954305
653682
236651
87910
435226
315592
320303
291029
878873
743708
592144
867779
129791
566471
704440
354692
585160
883954
692505
913345
450547
252246
621448
584035
569057
729205
129598
148252
771701
715402
608920
574060
498627
22642
982784
216967
140812
527812
686225
437508
532629
676129
8075
142897
622337
48192
328588
241230
136204
375055
806390
136140
383068
506759
760217
435458
711812
674739
487965
135947
880065
604366
861313
747211
192460
679411
614272
394704
946613
177754
974959
456082
332356
303758
897214
165370
463149
485476
895369
785816
760993
624729
417806
718614
258607
210575
706636
131032
959734
254654
399765
208315
733189
456494
90498
186196
168782
400191
365808
489745
547385
829837
647320
118652
742049
239136
489132
295025
575030
2047
185586
730930
187584
98202
723289
773909
389379
644
401377
379888
474968
170358
692995
744775
417953
214848
358498
668696
128093
912868
463366
527094
550182
178977
645162
338275
394440
58107
918006
418305
128952
882048
367866
764925
825592
332585
473268
11131
101060
7553
608913
390550
495134
946356
723102
765602
650054
83237
556541
603205
768677
785608
901969
742644
570031
385410
725706
81149
940582
889795
364751
418998
138546
901892
277140
264710
955047
284058
368693
49894
236318
776278
796771
455495
7539
920281
277860
496037
48346
981757
832989
157231
657404
368260
653152
943632
911938
657561
108603
438602
874791
421515
10700
880149
260775
617822
624838
398274
151955
571310
66926
969027
431429
690313
270021
510664
84723
391061
642360
888289
269901
257766
135585
17933
630190
999378
465290
109414
35040
492296
78648
337456
603836
308666
840555
158996
941161
830218
75580
326098
297301
409219
260356
636130
802836
555173
524795
551501
871774
176008
136135
852332
844202
881903
913073
302778
71071
306285
382686
881764
304078
857966
172591
299034
508786
745661
930662
990530
181216
561409
499371
566669
241105
728144
234786
511455
819013
170053
72448
520282
686738
507190
480981
30582
818867
959189
859191
506417
992433
172039
850145
27302
620823
286600
643935
729720
474408
146404
969322
168478
271694
569652
269569
660093
411780
624278
127884
104976
268970
992659
89596
119283
970051
311100
924291
982469
787449
687400
412878
936758
139254
215244
678289
524629
903090
67738
698278
642074
502313
322009
509577
612198
569451
222913
792493
912587
386381
105068
994052
535126
261357
498848
824720
687010
608237
184469
400890
573017
389672
81109
277625
752274
175591
518368
319271
575111
756816
694422
416012
263155
410353
560188
181083
67208
966601
705872
344346
722762
766381
659831
946917
180856
175516
630972
573324
889725
38813
381769
885400
331797
76534
850881
114773
853889
233861
640503
663322
571591
12408
383129
921564
296046
840663
857316
199841
704424
744629
199870
437557
640869
105739
402726
111488
1274
891502
502100
954166
13537
216461
602542
350152
359193
930718
60305
638365
430411
688636
465587
436193
670017
540981
952841
862182
333512
394004
612560
849316
552738
93161
524255
495334
259318
148207
667688
7193
184510
628634
800401
934326
465487
623096
65119
336758
232268
274668
954123
724473
813270
123450
704100
110847
600899
407135
92196
684614
8944
779184
375080
735792
528635
822616
251454
120880
678073
407312
302736
500755
543856
235785
66530
646846
752181
938899
406237
920553
604173
564399
377284
485517
190141
859303
440388
359958
316353
228158
559122
7548
19993
147503
235225
622379
579431
538420
781528
291314
804090
725716
205840
804373
27654
575076
590203
147491
434213
761440
452621
365650
45925
50758
422414
131056
90174
328340
238735
987603
923833
674938
190115
289321
379752
942120
329026
419911
455257
63101
21807
766553
286678
767771
191523
602390
440781
149350
626128
38859
244314
260582
320807
694437
941400
561572
205199
799178
901646
590999
547637
190479
371419
539675
448381
534829
870301
840623
406390
945801
425554
850777
749798
788849
35922
418755
707969
842128
815743
669578
903731
931847
342733
808884
592924
466908
790967
507902
74415
776670
719683
300941
707328
591344
945070
5823
688840
152132
301907
241070
753372
698254
58911
753228
260434
898201
284004
11116
736339
234380
949556
884445
987479
805569
944856
285032
834036
10593
238498
469323
259918
12818
458221
513858
960736
95170
298995
978301
221091
220558
9833
269310
487054
888991
304565
997396
334927
914624
577419
143376
952281
356940
22995
946902
453586
591536
396221
586875
438653
292142
933654
432905
244824
672731
679571
72514
810782
386839
332002
566537
371565
883384
768722
9583
688635
866077
963558
854369
545314
524645
90826
622559
79287
442178
623960
818086
316887
845309
225924
877690
842156
952420
681931
773862
46826
990077
353113
483632
8178
478590
142322
949081
111107
281238
950417
759231
330962
768816
722273
834737
90425
345680
75328
49816
33168
797314
971885
880285
627498
314262
161500
942292
326481
19103
99360
305760
177237
109286
821705
822661
514514
898228
822867
171328
874878
908726
490036
52814
500657
838691
346008
809000
844862
381152
256362
152065
250749
717773
805982
668629
230106
493247
353879
433314
112584
561212
982361
296305
53613
3619
717666
502254
539813
483116
708119
847893
579052
457586
581394
450289
673279
26934
995454
873269
802362
903664
449408
751624
778808
834704
836509
40907
300094
880736
706841
889790
145929
55495
519171
945957
98280
967000
455302
494850
283951
615838
57754
479531
207844
184390
643874
854475
629447
626406
460960
145060
613781
349968
171104
22503
191551
4657
556053
396785
875476
1460
167659
588380
617034
747664
598911
289641
363664
444303
371306
900622
177981
90260
778518
846698
315053
156334
278876
253615
375020
245106
795883
721284
254599
700391
429924
542933
877645
580340
530449
844538
125257
712455
661293
83552
423080
64750
122994
489171
841150
239014
820314
152410
841235
413927
500500
167040
214077
47095
745998
531136
197371
666368
273288
716903
323833
706313
801165
699742
506625
68064
97512
321009
818102
29548
192647
636098
267866
788928
435139
968523
398621
65744
57125
794841
996859
228286
633364
563284
361858
815897
926018
36921
757828
777997
556900
266702
507973
925227
89930
308229
579757
499891
822733
188470
251800
465102
862952
444621
694714
864846
454853
238868
866247
666396
870844
547200
566888
682660
945782
772076
718936
57864
521
424603
793719
91076
7661
992642
95075
889649
717995
83999
815702
341471
82786
454155
581155
701865
450985
573709
773935
116510
938876
565096
180682
28950
22154
894637
7607
90878
884786
525279
403023
374092
561681
359987
910824
968596
43534
775836
468815
947666
720633
975653
583063
775803
843133
185516
330057
274950
742715
31452
513823
4943
255158
565007
565832
64407
510189
718710
959566
784449
888641
214849
243548
185169
344886
394288
32236
618203
189410
218443
810887
706324
510723
505182
22053
999513
235866
385428
51979
576643
317109
355227
706559
709129
549120
300966
552819
736853
622
184636
678041
225873
439410
568557
577804
373546
239822
981240
365904
760955
69469
155758
994692
513193
389442
709293
971653
851041
727164
906006
177407
359503
284465
303525
473849
891111
935918
494705
860343
302195
897149
506245
412618
442105
952717
245173
730917
804326
513333
151473
238449
194423
221102
350373
147133
567698
405348
101040
35358
977615
427883
437801
395732
436218
372375
570362
729674
368617
343927
465856
623821
586633
516176
422324
865061
999835
333771
712967
976401
559045
533586
600249
7198
454552
890011
240031
2258
550100
108428
567409
86525
358737
333248
395718
922821
129348
935379
371004
868777
899732
315956
693100
191662
165387
143449
331452
665547
870357
664495
648811
456633
414176
15658
522465
532933
39229
349884
682137
931973
757062
841117
332134
613497
544432
633180
863717
704147
808376
148935
113521
126226
621754
468563
597298
271955
768971
953144
68067
82633
346247
419205
576307
183043
899735
550808
575089
437064
910671
768505
11718
500169
199438
642795
225166
61627
270400
3454
659887
359802
641789
86468
633321
926192
880725
321945
936776
272298
326948
503262
695770
68148
586752
236589
637175
569260
248898
722970
930873
481677
173260
137006
847401
176405
205484
397648
434863
630069
773455
981761
58510
688358
438549
113066
709941
357652
947491
340381
427440
735721
65832
8653
741839
767682
265800
616297
759516
954178
556
580348
142688
638487
600928
690373
934017
783339
628499
6412
609993
771454
300443
653393
52532
600010
263635
597896
227144
385641
466508
861517
742056
946024
334552
344179
588023
812510
132556
872042
72927
519993
128765
177356
989911
250909
732148
372584
45889
292836
669704
929325
634002
387644
843790
141887
509309
389511
35025
740274
142511
732956
514663
8468
166607
699040
849661
556070
553819
122645
880614
957727
464765
153576
974415
767852
742953
336261
284505
186721
82450
245887
471428
740329
537273
174650
369047
960074
878016
895546
768499
947924
350671
204442
489367
707651
289349
444148
42798
578141
832111
971976
687497
482142
90848
669896
28698
594667
567316
356758
351433
169441
469006
303612
948136
237126
169020
878268
300032
125531
865884
607442
920057
329413
383323
834404
924106
361656
510350
888245
338685
226132
526389
470428
870406
484941
67421
326833
141987
81555
942449
96243
742864
485149
118807
729849
901298
175396
929342
378193
517307
235578
306723
25945
386291
191442
269755
338253
934254
549573
807987
132955
873925
627846
552930
434074
822729
408670
661967
657616
741657
427698
282427
289716
413669
239132
155864
937166
929007
163933
772477
728327
597832
291899
885769
881041
626666
800194
893932
834605
61095
389029
960310
218532
941675
934598
58439
77172
465575
936582
614403
258155
408150
686027
833788
295376
153821
975621
147194
999734
677200
422556
562524
380214
352014
880180
493924
352364
971942
705523
274884
686361
331689
681485
947728
69955
893446
255727
551133
771707
794045
845004
845430
31676
695769
898535
535565
457259
429942
835346
715034
976407
955348
585418
6639
264148
701888
599893
737019
84291
388053
765558
640988
459238
771682
391283
229299
803629
599868
602438
502359
224969
985826
560150
195013
704276
4835
735736
993446
993413
908748
67028
577748
579869
720064
27081
480903
2585
804533
778277
128527
773689
773665
366397
428
179703
210403
565041
968280
38718
286433
843435
274529
598811
517496
917143
474094
897559
83218
541182
267825
162464
979680
59940
400506
144235
638727
61482
975427
25207
857411
366371
886300
530307
286955
719087
285323
31900
711113
536884
882449
746550
881658
509311
766691
917137
386831
204552
69200
79484
873489
153997
49741
772687
520378
940031
681313
641916
774948
531537
817604
301973
51672
36980
826042
10176
915741
622235
112764
477950
504009
416841
540640
691969
299966
133413
280518
720555
133888
506103
731419
52065
729058
768873
236236
409915
258667
224287
811106
256838
990478
784840
897044
931410
190157
775441
145756
309258
4134
349762
88719
50452
959315
144525
534294
863
480440
108150
60115
72351
385994
607709
224742
18604
966950
727844
607958
934725
738789
155353
217486
451442
966254
50887
943784
748436
614334
350914
85031
646396
229140
751794
745649
159912
491155
847978
401362
255947
246567
271431
688182
724429
70639
27538
238318
852511
499636
728329
538935
735847
314129
98955
650517
749028
281849
16698
800618
246130
575679
113069
962534
148850
625845
692775
63928
334339
34864
82500
604483
950905
942924
502714
691101
361099
596439
663238
4083
626442
914697
215809
719617
460870
850208
999830
55028
808419
148583
894994
352950
553522
595113
522842
525874
896728
940148
491868
495247
52385
388062
19589
788443
596091
883249
264001
1940
154994
624672
194073
823220
128115
724366
406865
975076
165730
722705
398895
231255
582909
541568
697071
195689
143269
322726
210948
585864
602175
614842
306043
836436
340262
934505
379089
630783
516886
976238
552900
545235
238360
377033
861022
348029
663088
292793
511235
216780
331058
661739
85224
656556
283342
576415
451430
308272
197484
156238
461632
436616
307095
800639
713028
230769
468068
940542
284618
851842
442605
170435
228691
318685
349973
561764
881036
90480
579545
663294
19117
426753
833922
792171
730291
439886
638068
185021
653569
698003
36762
862580
525191
566473
707661
758927
207014
78229
633279
7733
771940
166909
602349
796811
7375
833070
780231
943748
88706
453189
437849
277419
934623
740938
261394
301031
407148
408779
657409
350220
985105
227762
689780
808134
454977
35275
543601
242102
101469
20591
949016
1214
230955
422283
219524
159824
233656
39452
870222
181188
156412
273031
930412
635717
577017
721213
898553
650778
5638
35986
449574
65241
169617
889819
952849
16091
253900
384364
962786
647319
318576
953892
725626
277063
985717
107736
878514
108421
837662
771555
281336
260305
300084
291449
201333
222661
534367
737345
308773
984138
840294
982273
437853
182280
991708
315400
118062
192800
253116
707794
804673
509593
959395
968101
406705
242785
880189
887458
363748
496410
820543
723330
875883
77956
566085
554178
570642
315974
23118
41916
612262
865763
178613
537140
988950
120567
67821
34761
751002
438526
787969
76974
809952
865281
309584
319253
609598
314217
907154
245089
437884
89337
412166
347463
251465
612514
771430
83910
588660
918707
714027
52454
777386
864286
43095
154466
102109
933919
621475
763237
579875
122435
499209
969777
387346
986569
450641
23397
459918
204550
884707
956765
753269
971184
393279
686526
521034
512779
282472
699082
484456
676414
110902
502452
48410
622274
60164
468210
164203
93179
192551
901748
595190
230119
163200
63504
139109
356864
802644
707319
641531
733268
451634
769952
83024
839258
544965
870149
168531
147715
426996
806073
280232
413757
817811
455175
508643
826753
16033
678104
118330
548467
558651
2814
778765
423597
908438
380901
45930
142734
704501
655019
607549
61064
640905
208602
662492
122250
16988
761950
841491
902725
526958
904759
886704
558452
913683
275737
455160
645148
11472
848289
807570
789460
211108
771833
190872
853593
310992
374834
607904
889175
778037
473498
288376
334837
838651
504736
391458
384591
846911
230520
452887
318141
853433
910022
62762
109748
619607
965379
305645
78984
996065
680374
163245
725759
780302
604904
401526
144621
352125
756719
324356
434034
314287
135220
712696
256744
528577
964788
857350
508476
40284
876469
200951
688882
708970
59879
804553
922277
969623
555693
717779
610080
864491
670418
638045
349188
194837
480012
756576
94731
188645
983002
495352
925124
351734
950039
588495
314333
994077
389605
816382
769624
545968
175723
578987
374053
555491
819136
842132
759228
536997
398472
498222
27478
774352
145723
159597
596779
480911
562377
923313
377600
322074
504675
775981
974498
100099
987270
92384
178463
370990
12015
280535
660074
16323
55718
745528
663828
117092
409730
111001
716995
936247
619210
362847
345536
496340
130631
655782
523757
746609
299361
839566
778346
11029
618839
891317
510548
305429
425048
154886
601170
583222
270491
917526
52355
841000
798786
187644
526454
307225
129112
463080
331144
785567
334004
816482
22198
226156
556728
35711
202516
643834
741036
740165
59771
831742
516436
507194
721448
770965
333789
923507
586681
258369
593435
652252
684181
725091
957551
118501
609676
692917
334920
98804
258529
288690
924888
271919
649915
65910
219520
402081
660811
990269
402278
644420
136399
227424
643818
563629
536317
524261
94539
682443
920269
423770
701996
704400
550566
745843
895480
853556
650462
660724
233140
281076
978211
793071
872859
68901
708586
38900
751896
697021
13658
4926
279914
637849
926767
54096
983313
23277
951882
888349
500967
611919
438978
722623
63627
347510
951493
504010
581052
64463
662036
467611
26778
672231
242673
572422
652292
777219
934289
866724
75083
93104
398741
567047
925549
578584
917613
705655
521677
813870
703207
926103
374425
323361
771882
452194
306447
126318
651494
289554
252103
818280
95282
377006
557682
55773
557180
936302
646477
797525
56786
871272
253028
999743
834619
807009
261798
564176
263646
677086
883736
516078
699470
596226
903172
935871
649980
893503
78400
715924
319641
195167
351766
383823
4210
774692
582333
911271
491114
951772
121238
656085
190438
939446
180540
270059
325634
378830
470841
219762
242933
19933
842253
365277
9630
673182
759279
512863
489578
345879
664987
666964
503584
601015
846518
70770
740481
706190
75689
129298
573393
124483
597325
717901
153636
88341
876841
169479
598550
118821
635778
483902
199535
456810
956859
3785
56908
803036
956342
435423
916570
604255
667781
690192
541188
981381
865236
434146
425163
791065
333504
699238
558402
195652
543586
747370
229930
889702
413308
368757
108878
904751
745939
695362
384532
185780
829642
422080
858016
412851
563266
359759
940457
173884
624945
445128
594504
402055
220097
177298
241978
295910
876796
242945
547292
27508
97108
716712
691646
568419
504204
355634
349464
130999
122983
313860
733069
88782
973512
548804
12581
163937
907968
800866
920872
107586
78074
99143
23554
499947
134608
807026
717709
838448
310903
623843
848519
615539
67588
699771
481575
565143
899495
36815
718365
238114
410924
917974
789679
763134
224228
989955
186059
621162
788448
558500
607465
12641
338223
321590
598777
332569
16347
723119
167715
927650
380334
925441
715711
724615
630141
741544
65786
57409
300124
512590
865441
255222
697489
606797
512453
517284
514534
775329
253398
995900
461976
555650
335240
335133
280748
602330
389942
77821
977052
936547
918
167572
285008
528232
675840
545608
86796
35242
111602
31662
128949
899244
693563
829511
843547
274643
143229
643539
387246
644944
786894
352998
75918
337068
543700
667002
786280
827608
880279
132092
635233
256399
927363
693938
392535
9769
33385
294572
427310
235698
85561
141910
280514
633087
625739
276286
407801
271679
170627
824027
877654
135410
915980
832983
818587
811740
305018
752751
168809
118018
704277
906194
253123
770416
922206
571084
263511
623229
241577
10456
505579
358183
635287
480765
140544
613425
618296
91875
581501
113759
295257
946838
435143
561214
615080
459767
693844
692214
821312
342104
34128
526311
870402
418534
906757
838518
847035
740172
666704
121249
784977
836369
933271
259730
111991
638222
262891
392983
382612
896761
899188
191174
795223
755008
167558
87621
656472
780495
985676
176517
557016
817944
360605
556471
698869
807286
331521
692313
744021
746032
600538
874135
181958
914696
313033
226632
176264
329722
96770
289964
458002
868081
727167
679153
509552
580477
182874
504644
418182
439265
265355
666786
212161
434531
926780
677994
388224
914053
130600
384403
115933
808920
463942
626018
213432
868410
296449
220522
256595
482850
149154
27286
37494
357815
759285
940698
762844
548524
822201
773085
324230
842765
406189
395756
44282
735131
243591
793315
62615
177967
50293
57454
878406
295386
825041
39853
820783
335166
777581
135732
747235
57240
680452
177384
18211
827264
959683
932384
245158
422613
668446
690993
485916
192601
612340
405615
547838
431838
982549
63959
481034
303184
632681
733595
605417
797441
768313
435833
203959
399229
858802
289239
927625
604447
254391
180485
38530
623491
626140
916365
768423
202518
213054
77085
241490
919307
7644
40974
221717
100095
226962
396524
538225
896569
437623
161761
209853
230659
435861
915550
154224
517708
994062
288545
217939
680191
767517
190054
722790
377351
8028
296030
810345
997463
759531
400030
747926
98004
823782
72201
641840
522831
373213
784385
83538
455419
282282
129909
516898
324266
696017
461958
226171
543707
141940
613210
850325
951819
31655
462046
294362
32372
877449
173620
166758
835275
863792
300872
455925
37919
107764
86342
479340
828226
818643
476678
144615
667823
255438
400454
416299
610519
277866
45914
723610
553405
17164
737378
497145
760198
613720
695997
662375
659765
956425
40636
289148
1803
880805
446967
182244
191699
359776
129297
310018
927194
78853
556285
256352
287449
140277
416890
672078
279617
515350
583302
553479
106427
527434
743138
996005
995921
657818
130071
43399
669167
735604
252340
704403
640935
758870
787112
641759
438095
222392
995608
928628
400175
654130
313955
652441
985914
151455
988632
668315
974302
458586
281400
79826
546273
669098
537745
143789
434503
656785
600627
88828
842360
450143
482904
859728
120179
21690
109649
412911
344865
941817
790188
282121
371989
743109
991422
883896
453607
942922
831053
511043
589096
266673
787697
254484
763650
544194
187904
457251
775100
656323
501278
647061
868619
505042
924877
421772
597865
260677
188296
238265
687170
222393
403720
514100
218711
835487
629580
241415
137598
68418
340788
891764
579285
944826
567184
240486
346371
800734
331742
856096
886979
694753
259160
236309
963104
323288
989268
212427
895194
451719
139246
981407
91821
331346
232410
582291
520451
554076
465217
805159
652746
245956
34369
447847
852772
392142
574946
956091
164026
456961
681216
48853
70318
390959
856363
137249
547625
384653
189845
314760
582672
750959
838747
611067
551736
361277
353372
483473
289525
135505
747015
911321
613177
579057
115922
654844
365568
360330
140463
275063
371590
564158
498732
937602
14481
878322
694
202403
651281
938057
104397
50149
79005
585239
4958
926851
761325
65445
164378
655797
508717
747945
99107
944346
775727
176921
230242
447223
439506
996441
220584
707853
472617
604805
846265
612234
792440
352588
604900
674981
785333
462636
536489
285762
553496
518505
68802
504440
407103
763708
442702
150718
790042
247523
614195
918690
567630
670016
441609
97491
557800
398065
384723
869490
929662
80279
197072
855065
619147
987235
45371
373062
56200
949772
461495
248084
570822
990352
190317
944708
781141
465000
123104
555404
640419
607439
573199
916940
725502
359590
343212
168633
814544
162443
267758
450543
458040
297336
411814
652198
548025
295420
952452
508787
747102
420683
301056
505941
604547
286964
879830
438501
192565
680523
999646
338673
548404
738346
982129
741245
294057
859143
461720
706855
550588
138716
797963
304893
773189
794244
328794
188880
425934
654119
1963
16732
361719
845724
85162
352135
19819
842517
930640
973299
145229
16187
188293
893476
9660
286709
885638
637252
200301
105462
852158
683042
216405
896700
128430
479992
213598
787399
251832
194633
260786
356308
754971
528918
169842
128900
783632
371928
824647
721475
918777
756515
251174
651792
656618
401569
242058
920677
756408
226645
65871
797426
761125
20709
602560
26550
595225
645695
30204
76509
747752
940064
614191
696348
933731
134827
222259
881839
843459
523033
699983
678192
696896
728224
270722
197042
538928
304300
716364
649031
635476
800953
177974
412856
444605
831776
31319
65461
859177
73583
78885
655445
525084
764129
810540
248677
11817
133588
58841
667840
928910
423839
181130
765313
479782
362058
132062
217509
317409
538590
170611
192397
133595
16946
437143
785085
213114
507643
706185
181056
715154
755254
522747
834225
894410
887099
905185
688556
410265
151233
916144
815529
744611
268301
513805
50456
962716
417179
421825
147903
354451
713450
530623
216683
987069
771018
347610
446170
630470
650887
223384
485103
548686
200925
133949
647095
15345
769700
640782
664256
979671
174643
963272
582404
485889
313433
334995
689478
367611
371981
765209
963160
60835
335065
580591
586849
344941
6987
139868
751703
377002
974903
348508
477883
183113
4520
758697
899387
753051
724050
981322
209053
557670
161982
667667
556467
671485
878367
179478
152322
102778
694104
845320
977404
674642
978412
956621
825463
418966
168883
127556
968173
207326
487563
98011
323520
383739
311090
640531
126420
304442
345108
886625
828222
76006
477505
603804
38159
13152
822209
770083
636308
772690
992120
339396
226831
553893
527454
535168
871410
722626
362066
466929
45808
316227
924273
360655
726824
486598
40056
586399
449876
126835
368451
972187
73007
967304
979294
60149
845818
748794
109183
877359
387647
260839
491694
210959
451099
237776
174263
608749
757715
310932
129360
166728
868928
999697
784549
697686
585144
193674
344801
665446
476493
757005
549454
138801
350364
4376
158452
949244
439651
330670
807475
604451
1495
710728
93419
110064
909777
744266
476292
885240
449663
493186
668432
483196
459356
250311
189042
512261
769116
551139
142305
892380
536113
361885
460811
348086
457599
77726
764497
843998
178862
816288
794105
25596
933468
894033
982322
269314
34427
551369
199632
514264
696847
728553
628089
919370
530377
466955
137477
505749
375926
778303
441299
511653
575120
113388
529207
429650
431027
893664
384576
190642
366618
944350
61883
341653
932500
478326
396500
701570
587457
616025
880866
631358
346009
700695
486075
682404
11275
37430
18406
97258
154354
958558
619603
332464
329043
688385
346395
717859
547047
877912
926970
636086
908941
437486
109250
217616
311123
865500
483828
492413
898154
615797
269357
236270
400497
466603
592369
208196
496021
414541
588396
309923
35934
880644
942733
260910
48039
587729
937031
84492
370974
496358
771638
808848
918873
932341
513835
667912
731286
481832
795879
297612
594076
16396
264656
285177
319843
343331
372304
929482
740262
124611
93052
779168
439895
705404
739637
907633
596134
956392
72508
493092
494947
894004
496002
408074
170438
586380
646967
238401
586311
475128
762342
647369
918759
58494
263956
567140
162262
491525
1419
340836
661342
811659
299888
923581
308037
174954
735539
832690
300189
466694
848078
876642
428501
480353
119680
319827
661761
522935
744113
525534
611072
74888
516109
16146
878261
387381
746357
365217
551346
561147
438566
299421
656483
570875
208320
134141
250434
166340
563661
579510
752671
853323
801606
263231
537930
950145
92519
943374
7612
957911
727286
184417
702436
315892
283058
524464
372206
274526
71212
877560
740584
848609
808425
127864
650004
388117
587269
439469
569672
420736
726160
45089
817333
928181
520052
489593
304371
43848
945126
404485
416552
768102
592455
749694
801900
421276
414769
885449
669241
451251
9153
472099
578443
925992
894282
300562
357115
439739
620271
919121
852075
336674
986305
706656
210833
472473
398559
643186
902434
113408
868280
817920
647433
389779
763252
904081
860804
154576
589169
507360
14269
398762
879040
916884
585428
919568
941786
904147
248415
417578
505324
119118
733547
513487
994572
80888
387502
184376
825422
544125
854380
726139
978277
814425
561785
25613
586224
676171
64255
382807
823205
501076
390593
989689
271053
482244
762291
138138
443852
70772
75292
311404
570637
466795
222804
602592
356817
215296
518959
566417
337446
49238
931301
421505
213397
866792
847364
654524
48470
448634
248567
544911
684737
375532
669091
527572
817605
744965
868783
374087
62504
370465
339508
463352
822993
589149
754501
896291
915334
337049
31570
732810
538026
885196
581163
725346
22056
773989
909919
745348
116722
715422
147073
724146
756656
67198
133160
636860
858051
702467
782444
788673
776865
383392
389459
412612
974979
1685
126585
826238
653781
728785
274059
433410
800263
936148
88583
467946
518353
616760
124701
628078
994784
694064
297780
625091
877505
297821
15691
679409
859221
673862
167998
829519
362616
878244
218126
908411
976911
540313
531489
749440
115381
699051
878006
460990
50903
50836
476064
413665
368298
945967
430051
790969
299539
236876
603559
390671
632827
98657
838690
171583
594321
322450
931770
81273
957491
607209
771644
949593
257269
345428
959501
491795
134660
752093
595475
916822
205357
258926
976004
479657
965663
407034
595487
470166
121502
116649
618353
833529
202804
941094
611346
436326
490124
912253
541569
239399
507302
329166
771747
77006
803870
515623
666116
312680
316714
46650
275284
65266
951662
651050
852720
724379
633347
987507
665798
477994
210233
516731
115302
880254
469937
883919
401552
531612
11018
473629
884697
170314
158980
663090
145385
43701
437817
924276
441426
285907
266331
914400
740909
408348
282913
977868
241972
142083
472200
157065
818528
372643
633281
672350
531020
324295
780902
637724
766861
60409
238281
455113
886786
886456
370159
5055
405389
316952
340817
967008
775529
76078
503819
938305
907884
994613
782603
369458
263615
851607
839643
75394
171238
791555
125789
738686
950348
679382
664622
844962
428481
685524
11709
906536
519153
184881
636068
37520
166225
884902
565397
646297
980835
379593
46902
693742
810148
690060
467772
697970
15596
754688
803172
557911
266762
297445
947897
188887
639500
579384
259762
448119
83425
646706
846555
847173
959313
881865
865984
272154
670190
814745
860733
663797
409607
389313
630166
969786
991070
611719
46837
552211
832230
364767
493750
762998
777744
817528
249633
391234
664496
836308
97467
508126
734969
257683
691353
649685
369653
500938
371937
883099
156056
42150
112565
26254
778723
120177
130234
368770
408917
651661
540092
134979
247244
390399
781852
142229
906411
94848
957859
77630
15392
321545
828637
18544
40108
214094
8397
965524
670108
259963
271068
638680
430215
184455
566060
432488
973002
425294
661369
473804
428337
90780
271384
272281
227345
344661
249932
163493
731153
426922
294679
325125
397425
678884
786212
585608
551577
50422
381775
889428
102009
391940
919669
251043
527550
209102
363862
462986
463538
843933
331218
798162
161879
467045
940744
130918
698434
355307
871388
994210
295735
299640
999512
419488
668030
438852
278023
672075
788124
163499
349342
487943
890393
481283
382714
683111
639025
59123
992360
739834
101138
58582
74755
865790
955044
446550
534404
240924
26648
988250
455031
65732
213415
889516
948606
310719
780479
703872
267936
860141
505684
245551
378994
56865
799005
553286
838322
542026
728201
642482
157664
291693
944452
130150
12076
552616
586600
407741
454578
323158
343780
18189
171357
287199
894448
513083
699544
221469
408194
530595
519759
830815
846038
626211
923136
221741
283955
706189
9514
345957
775161
630086
454794
737486
50532
729977
225264
549987
728176
463568
25817
586119
117777
578928
664572
915170
225385
827889
628207
905526
784342
163927
36328
516818
849704
545787
96696
394598
651748
930957
375471
914298
701532
481739
450008
960146
942018
547454
955425
947267
698199
618834
401175
252423
243888
987909
960926
622341
688174
48715
865246
595763
718829
762288
489844
770952
729915
474180
626819
330435
441106
732702
846859
252876
613615
364467
186299
864527
302184
897233
776755
238867
834133
487682
411808
341623
248710
411613
379043
674592
615441
57326
376939
70791
470238
549564
513006
768603
338603
524653
170135
947744
786056
110633
966144
665619
657591
522994
757959
147149
384391
259167
964598
81144
833718
964144
592186
844655
275680
652222
920407
844449
970666
384255
855423
549124
113316
150513
852111
960763
225373
478893
616884
520568
200478
709115
80007
121437
189559
174037
628675
228702
456150
524810
276216
375661
914859
432297
408614
251657
594523
852505
538669
864091
736719
823069
664974
169387
375910
134510
333690
901681
548765
679193
82878
413867
714173
996380
198950
730654
591403
22011
169261
561583
98121
487193
52715
912663
974259
447630
124582
963579
478638
92068
570120
668562
556378
659032
384842
454290
608
530192
518734
323729
949277
507634
50817
428931
514472
219113
831110
149740
848403
287007
284024
272787
540364
181273
972026
473349
124656
154352
347339
766217
769365
778581
656587
855664
496286
89151
564396
104608
261830
422207
657539
838588
667804
659733
47069
878184
458484
914330
168318
14184
3991
248153
162411
16333
213163
210659
971932
500045
167647
316508
25997
421613
726587
283406
522197
855012
840251
850886
283404
195579
853559
1743
864448
705510
133653
198812
629187
677947
645352
534548
200195
484041
102525
171606
327739
626946
763234
678169
821121
929959
357894
29964
367800
854569
915488
189061
534655
161340
914174
94833
670114
431795
922191
819940
673284
878828
1388
351768
358041
729392
985467
558034
3712
491700
858773
330432
424061
558417
376261
232374
350050
89438
727571
1132
646771
774219
150234
420767
631043
213036
561748
608784
944242
655104
627195
340569
13068
885335
382257
58244
314277
614930
875422
187228
829987
362231
138459
706094
271292
289909
277006
702010
357258
117052
167405
785980
897820
435925
273554
567592
738969
993155
181138
472251
749878
206753
109178
718574
591301
350091
953051
107022
53549
14770
918041
456977
656412
976576
668961
710618
382379
150919
686834
747313
471031
943313
283682
39355
218315
981085
313255
249021
739314
744061
406126
285870
32234
576764
52600
547942
404702
769286
800142
91164
818253
990393
152938
948166
374841
138292
824381
446596
253508
399302
758772
388985
197958
300223
321188
24742
592660
336594
203025
940408
135002
729518
280974
236822
917568
657681
353138
922637
847313
841161
42436
136350
346665
364905
596372
630776
572809
758799
695840
622793
794464
444092
896261
795067
953722
917422
459379
652208
426421
564303
379278
830547
578465
229603
746956
651235
524894
149082
169028
147055
522902
947660
248063
844647
663191
607018
815973
393045
794498
391938
544901
906827
827947
305714
733206
145103
900905
200380
587465
372861
578042
44368
304794
755755
674537
728841
253223
21002
833635
703502
487685
982743
85473
704651
587727
502911
162866
298464
350833
441213
211372
423093
579120
121221
985018
688583
342530
745954
931679
836541
298082
926605
936344
545746
385893
594122
95981
958384
63345
59788
985533
86013
394081
364109
250074
36239
245190
165055
51236
117179
589972
951823
735068
945529
473210
516860
838264
634805
25149
778620
324663
870388
984976
558465
746076
940270
482151
622398
864332
840707
902762
143776
563418
451303
711296
430937
355857
81163
466604
499701
405796
60911
778647
547693
591484
912450
686920
556872
448480
439639
993069
821211
652990
490649
567790
50652
149611
791226
365012
328288
55076
304567
565632
295003
361265
44038
223286
622735
260262
61145
147345
524794
870360
471659
891644
662941
96420
325477
785117
934522
227760
199762
496836
215794
16242
425138
273883
531300
699689
190925
141623
825509
645213
730384
404968
355067
741752
21241
698145
301855
994997
490544
698478
739760
60055
681010
166272
381079
82870
95515
311942
619044
914273
265353
480286
531058
592718
401668
16011
180774
238570
369952
63670
23440
186170
527152
431956
306646
600647
385523
171724
974358
366945
491046
742669
209500
909889
856742
882514
813332
132497
549468
111049
792689
443060
117237
635748
140835
441660
782463
65757
901971
755306
318482
697084
568144
258395
286517
336924
927614
484421
457588
151352
834438
390597
531964
69851
656545
194174
566414
361497
159454
592960
372664
195351
376303
920453
367520
199219
783212
786597
494261
410997
70108
267307
725527
69689
750995
494917
459745
229324
177898
474087
545091
16068
780996
195306
630568
641818
920059
990027
27690
873171
220360
190267
920723
285849
726866
180997
365005
172971
327580
269898
325452
928045
360107
358089
648709
244549
767986
248463
97049
829630
269391
412136
886285
319835
128561
511221
322185
190290
761284
225018
837652
948175
614102
358369
186390
778398
28962
124068
361326
855109
700092
786675
47889
985708
536731
752392
103009
810965
72089
47712
152155
482287
209048
799242
684493
325927
322657
477566
222352
651275
189374
11964
311789
490074
400963
157955
915009
211774
207739
645568
745299
411893
973383
348148
716111
94519
919877
771364
755816
540328
703234
158547
473756
336516
604153
495152
234162
871330
970924
844492
903519
317949
628629
79060
319947
913747
559485
73078
438060
604428
437570
522709
910963
789800
571798
113476
291703
532119
646070
804583
447020
176800
704626
134552
593738
157906
249084
492605
932467
387061
334040
377506
930670
690626
167134
639608
404244
498355
5400
840342
380963
71059
824689
173240
823657
367834
305248
37828
403798
681727
720401
319417
977792
648495
442548
171697
801400
124322
558351
203445
470407
353530
698102
890117
539595
433247
577239
494928
407240
888839
481711
150901
352948
119439
32723
647323
48735
942129
383098
48497
983377
721347
985962
973437
344240
27680
768461
272295
465500
844306
585163
415680
304285
684698
124888
702142
844894
449947
118846
675639
70861
928
309076
531510
365975
874598
748989
459652
403060
61394
563289
476319
418451
72288
533342
250084
725997
389081
965592
895916
392098
25387
659870
881698
977231
148142
687666
299174
755318
54381
423636
326097
341613
996394
736025
336884
235098
398354
281865
365115
51447
170056
26590
248993
110403
891012
209119
839996
795660
54034
921709
663595
44436
383158
157306
727693
4533
12042
673263
942614
12975
201989
831125
701560
420432
120765
74650
286934
36361
184070
443678
502070
777989
595968
467142
380236
621675
377295
826010
679496
639822
586685
199006
337853
32892
104647
426161
889390
428479
823848
102556
96639
818863
935570
823078
469120
750890
934241
369875
691049
641513
274829
440825
817451
701347
845947
354449
71902
327762
440553
971952
519645
58156
520291
40143
496329
294921
978045
521330
40209
787675
660286
555015
210276
114373
805624
96013
269585
566813
199325
777668
439096
489842
19700
318256
165389
329160
825707
197314
489989
194625
391948
883574
614114
760292
330528
951261
841156
467840
408378
106187
612375
483819
971409
454822
108121
699823
108506
769043
602211
28169
966484
189805
888885
8146
306875
333105
701172
949579
840802
588197
224432
742592
639528
976800
988835
367235
712898
417812
490964
228954
936146
772939
928926
74998
557131
160167
229595
982752
537826
159304
745243
804197
121293
549848
626356
409749
339013
558256
677791
509466
733077
571621
241390
487929
152483
486936
75130
634336
189900
633336
208734
821859
67991
91193
619480
136943
857905
543745
44287
476389
831255
377642
617258
760471
297425
384511
279733
276476
23301
410397
958774
30197
929338
619110
61374
228333
655692
122450
407641
853092
177702
903441
732157
805338
415621
830131
532615
461094
266280
396717
111245
664350
441305
63607
398431
332689
637557
123634
392141
877360
305659
591718
627949
431815
741114
202192
15497
683309
830111
883887
501394
730347
685110
792266
7665
43812
418215
980173
685956
48269
201861
544182
573759
798634
419527
767902
151414
940677
830500
38773
772731
997501
536579
79946
319113
797243
448778
636711
82034
670154
848079
369706
58970
642018
39951
976447
523061
360388
105749
202581
492221
315194
765340
592026
971999
372207
254406
412238
717848
896015
624055
884425
624391
347831
851559
368628
238924
648619
347307
31780
680703
606695
482054
941677
476168
137188
241078
628534
137588
951981
66436
985569
33335
737530
211190
244934
426162
820536
300571
577670
316670
893277
542703
746272
983060
462691
842952
262894
687719
789326
430095
852765
83037
459771
305832
647804
739134
631926
159192
919681
475074
35689
523950
776233
947709
23340
610665
682239
164784
124086
226528
10199
496177
871771
616993
793745
341750
801110
9302
125351
755343
827642
275610
763859
165328
505341
910756
200965
101882
328970
635835
582105
571880
414718
451199
23249
619988
779401
636294
588097
678708
239221
469799
510669
275524
242061
207996
715199
604591
7058
900086
550381
741847
660763
161945
593735
648227
792248
935222
799100
687900
689643
742323
972693
734261
196153
556193
905800
575484
712923
210127
739473
726570
137180
161402
720670
907140
505224
982436
357418
956883
987754
269031
618310
787417
247296
912720
629060
689989
727070
47472
370547
131061
85929
347908
259019
764972
790680
464071
116698
433411
705649
908456
330297
180607
260889
512689
388660
548323
189971
75432
772494
186559
766032
147035
436360
751778
713239
862977
534302
522281
217821
503017
847141
892337
184397
794948
467696
992912
935139
650053
273619
332381
744428
551042
434003
869952
62465
83895
992255
638553
682975
469776
355931
96586
504462
689324
646077
32741
554880
152871
385296
925761
781394
207352
552838
854582
363587
124470
918022
747871
180457
449353
178679
446530
84052
741573
372209
550166
25623
825478
375585
507316
945721
409170
10716
49927
323340
88432
776452
33605
579076
371631
817575
117456
106954
328550
770453
916421
820289
126126
380290
773207
937390
899505
840763
991113
779529
222305
560874
44872
411019
314489
650545
535761
759983
136749
702797
649523
795405
94166
103953
69564
497297
762084
957787
127312
141467
579379
40402
248125
379164
606412
142468
118599
208277
55159
934334
125960
573884
910907
152145
289005
441326
893767
645177
433580
487925
708369
437783
33125
645611
749438
113187
481598
934065
828023
461794
498187
284170
666985
949196
441748
677427
672663
860631
474273
706211
986476
143872
473819
197032
785973
446964
92320
118737
999482
451800
694587
897818
333326
316925
374405
567449
512214
196767
338267
830873
274654
651882
173673
781955
312254
780736
811221
554427
199516
559546
926225
728845
331620
582502
411810
396491
819205
70552
777856
23836
123347
315614
666715
944722
562543
244754
568189
977208
222843
176843
61744
80384
199395
284681
702996
749006
966040
638454
209462
559587
390353
482430
586323
333111
624452
174143
790997
618941
491089
265282
471423
745314
308512
674764
640509
342185
749060
207012
79764
35322
688843
984410
830856
170694
170855
255946
186219
27336
254252
432903
372263
613744
554715
778590
358551
157716
746967
30045
892198
466800
767678
853948
371763
522238
114262
135420
584087
497002
353938
19924
854837
143478
52154
436710
329513
827576
639021
112548
403578
475547
916799
330167
11543
120240
167379
983298
997436
824770
723861
54020
151375
286557
744415
175669
272661
271918
65225
708504
755679
129796
268092
853421
491781
666098
897132
514519
823294
157632
49963
204495
510337
369673
362763
886133
122033
747238
861574
197338
586010
889967
742785
245036
779663
353339
459166
729581
655770
530673
630529
637156
772336
161448
38386
954078
114562
231180
187338
992605
435947
59785
411882
975943
983140
567579
113733
242002
472930
606728
351110
317170
607637
935857
170189
843056
896910
709127
166050
362615
936070
1620
419506
555363
982722
132894
194970
360263
441629
638540
368665
624514
319470
62219
571804
570314
519046
203116
18891
680118
112089
833433
755617
104886
296231
110025
465991
453969
606381
885435
156987
889077
377635
755469
924773
879429
935246
661790
964947
813642
772738
960853
641822
911273
881112
516636
370156
496565
434253
223924
659787
372445
418615
113675
262237
56280
785088
101565
883197
994739
797371
347741
606896
443296
517642
387414
132140
753378
778851
558619
216103
133290
540720
362863
539622
148307
338866
499539
801547
326793
142779
24857
604705
857390
530596
46687
454339
973957
686232
465945
600524
172892
38064
970354
92312
291265
196341
53949
380039
144153
246686
745059
224911
310389
889283
862782
67902
116862
226012
645500
834048
22688
66934
583399
479029
880023
167547
870631
849696
658928
140403
561446
350497
586805
520818
259665
667938
658256
492962
403556
911463
228418
926264
878299
885889
759183
239412
469138
305535
20400
146090
418140
308118
293629
507819
63018
319799
863606
847124
222310
540429
605262
951523
637768
572114
312524
669809
916973
520401
295154
944411
8201
20961
717921
624621
974322
698786
463646
65881
224949
395682
614471
652226
90779
30077
495162
175842
868528
781700
421612
320795
70096
994733
979887
399712
652257
900304
823361
119411
87388
254144
554180
646527
689976
964262
186683
799299
638191
505847
82063
516733
120931
409182
129179
620592
991998
739460
548105
435688
471392
154876
991157
984576
940651
439092
236623
568723
94587
977172
72727
446338
629696
685917
718463
128092
225143
878739
528799
28066
500073
324692
814613
995832
579140
5671
36721
693965
964181
752384
6692
773466
519400
466448
219565
823472
761545
391147
429409
412749
13040
735824
65151
815428
511032
996434
699452
364605
316627
859663
992034
72157
749739
234068
56557
157173
301139
915156
887696
280776
980834
611037
522447
92784
465050
748259
264142
91774
870885
740202
505173
91085
991569
910529
423916
990913
466306
362372
640161
512867
465878
866707
256039
685300
671686
763341
188287
623774
487988
118649
421033
339742
551642
506876
409736
816829
786627
213712
677725
90470
187987
117795
331137
72493
816360
401498
963691
848190
917011
573333
957453
916746
340731
300395
495230
314184
284495
746575
37752
93226
477621
112390
648467
365895
435287
786628
144776
478345
534374
303567
405677
915082
466419
673332
507026
246646
327565
367290
105895
633050
838982
775578
87054
363580
699992
407453
206738
874972
638253
9428
648446
563830
581126
695559
759740
661809
156970
130432
748090
308013
523015
358635
747795
981067
196598
276723
248489
859985
821338
984979
918298
272597
353482
385732
570065
650395
541571
527809
772756
786260
829357
293168
641639
808763
730590
905651
851453
710811
409442
777249
747704
575314
943382
259145
116728
883350
309561
238246
943045
791804
93598
560220
586760
688926
16937
305054
5919
822112
581623
420575
967633
191236
122013
59443
716981
200529
462523
623
856247
226206
116494
48280
869682
615391
730301
746533
32896
7067
583289
96328
686567
521338
525877
542180
630632
351350
333057
865591
428034
443841
435384
422448
640987
189093
19759
157014
760219
268888
133992
388489
459686
878405
520060
585514
909348
30618
487564
854052
279999
56191
406995
523514
994267
658859
968495
206064
100696
26331
80332
19210
720489
645119
611693
409253
604068
963766
509157
565697
222907
23865
121002
620857
991089
80621
845188
992976
511395
641292
700276
562233
392659
639930
57001
429102
330230
407527
301744
767321
248738
120957
212355
121223
418185
173241
78670
905891
65289
136147
688803
203289
799858
292149
736903
292252
46403
573676
657493
526636
149410
236680
454381
600650
616059
442676
310342
58758
238046
167505
950317
269171
158854
955267
918305
881673
259224
402583
502427
597917
80917
536913
371452
605121
238725
838004
665336
996846
353496
5669
92369
992331
375206
263215
655305
309666
407776
287816
938505
9710
186934
410604
51149
149711
691358
315362
479002
344737
760277
964108
896233
598283
256912
149608
848641
545509
865939
592069
408217
180965
130204
84724
155540
988801
201391
644834
384980
671379
936593
763966
333860
164216
876401
368925
546115
752667
302760
141991
144887
647432
869281
178751
359199
683347
978066
10972
483182
333140
824782
442284
214521
191133
334517
602210
484745
834003
840110
456459
918683
370372
984543
286647
804101
628643
999073
383259
410470
640034
91245
277162
480723
171414
197405
186595
287042
904377
94620
187495
769886
446602
293877
81936
973025
420103
717488
485721
305496
594755
969064
62325
997349
450157
636801
296124
3942
951158
615701
86347
12965
819905
529459
566890
688200
536635
288180
137977
805490
228714
883998
604944
944507
772216
956815
1265
688940
439474
421586
213912
663052
363169
361060
296720
807717
455962
158796
919115
95883
90402
351117
449240
167827
726862
851638
587603
874295
993149
654284
936836
162151
998519
24559
276776
866357
618222
314011
949729
604237
811264
286875
479086
849527
895021
889993
820411
310662
347991
101544
648121
289292
866462
550763
38209
538274
794483
880439
793575
482895
870193
811978
140380
134111
60505
355878
860188
513639
71036
71855
28389
83630
101393
816493
750510
969719
902626
859499
783044
708837
183787
265737
214076
706829
661260
304160
874763
536697
889065
221486
622340
363025
35739
301351
771398
99695
605464
837862
470020
697600
445138
156542
935346
634568
520154
642002
922095
840277
331524
243431
481578
104248
649970
889502
273413
565536
586256
320510
115664
948130
814562
337628
109617
563754
916031
346264
648509
739032
595144
651190
665283
520775
792754
263199
863526
788950
347599
9527
133144
370803
827911
611454
555430
591578
461903
759003
967491
786957
85046
36638
484946
860829
747056
870758
212050
33608
991200
247113
120985
180594
702338
505399
283568
402065
500339
329562
920794
394848
261952
784125
898305
318864
159718
98840
316200
173322
97389
246921
387767
112598
425858
655170
731915
483181
567478
437099
999016
63519
763266
307091
36754
836388
327693
727272
187826
633081
24521
513173
384889
645512
134648
494586
249783
824642
297012
25726
584748
89864
713334
964798
148373
52278
729968
757187
293836
71160
411142
573667
818626
912958
714522
478537
646834
669644
810067
75337
220089
663551
832245
616300
377839
863360
63105
30771
242024
193444
91131
525643
691136
987691
767078
934606
566770
126497
851650
65458
772180
97042
671488
269493
96199
409022
960541
571911
660194
100990
626697
753612
254428
115666
187893
43361
809798
712166
913539
661906
849062
581113
529183
336343
217388
107196
407368
358780
88552
983698
256842
133486
410232
207972
737450
263425
365242
441460
628612
294596
100484
982040
701193
415597
343010
183923
565315
829287
512978
892442
405623
821838
859884
663419
59062
916108
462499
413425
95490
403148
957636
173027
17289
89800
207428
164012
513008
66111
344211
384531
589280
364749
281543
127115
984982
144950
579944
323720
378317
637224
850344
194274
296754
74763
568492
710397
144682
123889
348872
381401
551980
822071
873834
792252
494177
112909
568746
710081
668668
349803
169972
495849
14655
202523
250347
518476
139446
601795
639769
585230
903579
26505
959850
743799
267113
503554
529034
731208
355690
374837
157613
679988
928366
159852
269201
185369
820057
746036
18154
672278
44835
88480
413653
912892
26774
311160
426483
360073
520337
92576
517309
104474
486314
453967
673205
44408
400683
984003
848508
684723
796793
550913
17773
578586
460128
28686
919034
748753
435280
15189
963666
157774
346194
513005
486261
786871
150628
820250
766249
117735
89037
863941
906137
460246
12242
12012
210887
172664
501215
396647
466020
418694
235475
801115
282929
914099
918442
624781
514512
215465
723584
238284
783771
417789
57169
182090
369440
71206
391456
640919
711033
63944
898709
653558
938751
771975
824336
724440
916230
754663
857122
921433
426924
729042
280933
204867
725922
602700
403737
300511
219950
101954
135498
791348
709943
574143
31776
465325
910201
651713
688910
929766
645517
113171
653326
415681
414241
850942
305489
904302
61732
761444
897187
934067
132572
545962
727486
259577
440283
652173
496103
287208
945522
278328
636191
747679
525504
661138
226766
783219
983604
192922
220478
677089
896485
204638
341842
351083
77890
474546
62073
863669
316472
540054
549355
609094
153595
452773
970990
999301
926100
742724
692056
494150
30688
684923
678845
930934
113281
117823
736773
179603
690111
863057
815912
864724
771284
801133
948433
232019
903511
974150
444640
207032
115644
612031
164577
219274
274379
879278
974811
110918
66496
255485
611159
363783
433141
338543
267152
42920
299135
157434
815449
188534
247318
465289
115681
309416
751901
846870
119361
212915
567302
54820
779271
755153
454702
933210
403219
39695
326164
159140
755229
406310
605899
738710
181082
964617
4810
476432
26063
707079
794392
796556
69793
24039
755230
658807
635223
856179
702344
258163
987822
29830
131473
196310
957777
679280
500754
131893
807038
173543
206644
244983
287711
365883
732721
80398
301213
403860
134706
845432
684823
767886
150099
820274
27483
364121
819311
795174
455599
128312
959819
788611
133333
37891
23025
936750
982320
720790
730562
228740
635094
238763
196406
679085
559648
711263
827196
992140
112333
253666
822353
590596
123404
859536
847913
668728
290746
240756
199838
96055
193718
998055
757387
788606
186812
893579
600183
388339
343711
83317
893177
656852
591020
748423
298743
554582
857370
753239
491915
301616
749639
310691
762732
378403
145394
313748
381588
520115
792686
744038
861763
944832
362503
722833
580647
702790
188853
582751
568090
718654
286749
518653
184147
376483
604420
719605
999361
110097
210664
700484
664589
410670
243038
416604
2156
209214
421860
204685
667501
523819
687881
940091
174676
335981
871791
507106
441236
305772
48647
207587
370870
437192
448431
80599
312951
572224
275769
311411
760005
636849
298520
795418
782823
823396
406579
887544
969809
845354
357112
484858
668269
212017
826516
115386
864574
526771
896383
496335
681019
703439
717246
748412
26002
882949
276138
504026
45456
711914
396924
8423
14225
365151
924412
899698
845480
506596
272907
451806
734443
101396
153880
22294
589059
633542
160417
294845
303564
951872
897244
655144
415104
186261
735195
87646
643030
789610
552890
178272
500636
79029
137352
758713
89719
491331
277612
630068
447526
390909
863330
90699
791949
183232
251523
855928
611609
991640
146071
488801
945827
438786
474848
151349
388099
606618
992308
387143
334424
33996
879179
21972
479111
290080
271863
957669
295788
81186
891497
834378
608437
551123
356763
483917
665482
87503
661336
298405
271135
752617
124686
2694
273713
874272
660263
684075
474436
36664
695321
431091
951142
686586
941680
470032
834959
476495
734387
252549
429946
195478
648673
638103
301610
68557
311686
380940
970091
301125
961667
427838
662301
163757
99329
414598
516312
337976
436459
54718
801437
855245
551235
88234
477170
892155
596074
916862
536464
21385
344553
82655
334703
856273
533909
660440
638583
729956
289208
710603
289464
326676
681022
286885
907063
695940
747153
209839
53235
179141
248053
628214
595948
956173
163129
882219
901115
860951
664328
642869
234481
405790
694177
106398
861195
539618
310222
829722
213462
872286
446695
86285
528798
379565
776096
242264
71362
743027
676385
913462
387512
470223
913862
692747