947586
631948
303636
441797
146762
692517
111321
475386
73326
101635
700904
848024
792004
278181
878848
914979
269541
652327
269110
912177
992816
34493
414570
435892
496663
365552
756808
507797
829102
730134
483337
86909
96853
281260
640903
103057
685040
432003
409222
23536
433085
808848
541864
394757
420815
170591
796333
292358
194903
637364
808933
520065
753407
144084
53800
192093
44232
101636
881710
519674
547558
273726
701224
172526
503620
33802
272478
455827
670093
618561
724437
249211
441793
96781
198188
354545
934444
59570
865645
673178
737733
120931
250181
742488
600896
942075
893269
660215
864902
883001
686020
743309
560751
961267
666999
666885
563971
138343
9775
961329
587808
233153
619201
61515
759483
968727
244373
850309
956075
529566
940716
200605
203503
856947
504893
842450
462690
190567
91371
4673
715557
330855
980373
596024
339371
987977
772389
789236
361578
558018
50333
45751
696907
190713
302985
638159
662098
720815
325331
8762
821429
414442
360457
94969
114409
119477
508269
244540
835148
996595
951122
604683
41886
974588
346530
985890
977330
270425
779227
780347
757985
162312
959122
933282
281758
196997
620544
611246
884551
391951
405135
528335
394239
518057
327767
83976
181273
144787
960102
490579
70276
435779
166162
239875
440101
762620
202563
629062
494818
985199
94489
29557
70899
263832
542479
198918
124241
870879
834263
433383
199875
542500
239794
113340
433005
556892
407336
40808
497397
49964
414649
505881
858238
423542
901286
282449
815533
981692
238265
489984
987205
864181
620417
875142
913034
610482
142206
555211
432661
114165
647994
343556
236746
471311
740689
565345
316432
186660
740556
425318
230633
515890
628617
923009
446958
559140
781357
978814
980921
999235
613445
804619
166475
764557
998536
679328
565202
275130
370
309006
554468
109702
342062
505958
736810
115633
137543
132847
379423
926985
220197
337503
978447
648591
135250
172075
725009
998741
464826
229411
783910
302076
247728
302266
138310
121933
632612
652118
552339
932545
950423
882664
622347
555208
143628
931295
69153
314340
456892
231641
19499
104033
208576
804022
875028
50109
268329
273126
245227
10626
723881
886902
238033
940660
323991
220696
370779
413790
215851
683047
812038
139005
92538
726004
859104
868287
928366
371653
219436
524286
220301
991575
48786
80338
388206
521258
109084
411154
570160
14576
833071
207363
647209
277245
6214
64964
555864
328001
948189
717212
238837
77770
654139
179487
8785
428169
848934
707872
623765
465955
348827
712010
16261
811691
461839
230656
157552
489520
239681
394433
778365
827079
736183
544518
841574
863347
58543
99935
899791
401669
168874
1044
972200
158400
157888
409383
53007
773788
658426
864733
984325
585742
446768
613164
408369
651285
962821
366812
267537
466419
5627
949709
117537
596746
196144
865603
917554
562059
287897
919346
711560
392177
13059
266239
301529
671425
167594
87895
164009
82954
391150
303471
395187
224773
971066
354759
529655
243772
658598
99053
984235
829755
1077
897982
262295
698128
427391
847696
417845
449840
648795
261937
459974
970752
836901
355169
7879
793342
863460
964235
864927
703197
418914
914051
500034
999639
345948
271489
249928
418164
901524
937969
519055
838524
301781
873202
410804
282731
282168
261541
223341
381336
23402
249209
327955
965713
148249
855394
556162
845237
482115
925206
666291
818324
725830
765011
164313
253127
116786
805666
31048
863724
818847
915657
718675
153415
450040
126643
23898
648546
748638
797390
858366
257345
659442
596729
423119
45571
36106
42223
870302
567601
937749
711955
915507
328638
726850
456194
411536
189264
178690
493102
624918
992379
102980
304922
945092
241465
554850
875323
635257
384127
822662
357739
397035
431191
563826
223059
885049
117892
718045
251053
589143
519471
793015
85822
24234
339417
198926
265967
830041
292090
765623
524899
995603
923749
733207
150658
600614
74666
92572
271600
657983
690523
510833
78289
596102
473125
120470
626737
545434
189127
452666
698856
725295
371431
998928
847891
515300
677531
989739
323096
914850
106197
268737
304715
50458
344942
727783
768348
554603
894519
927824
227711
199219
79515
821939
40637
676583
83160
550358
16198
359361
768780
769712
752718
765403
830242
204289
335135
636441
266512
185766
722329
880048
290924
443651
327530
223273
46100
426189
801660
164133
607047
66670
584811
42419
994541
15381
684166
220918
473007
264751
264562
386112
664828
711729
555539
345960
769951
294382
258418
800724
443684
95682
145317
256151
555871
616618
602019
986561
430673
350616
950427
990865
240288
763908
695458
592579
694924
2941
911900
566460
92536
626566
820128
301863
756994
853857
125252
988041
472195
389942
395426
13145
482414
36481
40547
579464
568446
665927
50848
169159
410759
900718
765459
992834
635058
259564
352255
643641
356035
856584
122520
638726
958874
795106
800397
323613
201227
823569
528813
451768
510712
29150
219082
351783
859248
350288
113160
139135
140918
969106
30808
594615
280377
615773
312176
778811
663591
896668
813785
269303
992064
792585
495673
413051
628737
976999
911295
496415
8896
514920
343262
899131
10332
144873
63470
720959
625499
184225
996665
80872
541659
849264
36797
991003
822989
431170
275358
372458
188169
527647
127623
541048
618423
816096
298806
789701
645006
581525
180343
529882
622195
201717
118011
54949
442959
111349
380772
396672
643957
53799
305166
730567
465299
545415
132639
678813
378690
594918
679322
943423
799245
75476
730825
357384
614724
601426
241070
550146
741874
874273
959174
484356
819318
168067
317508
179202
890895
544935
799995
455205
932453
353406
313467
115373
796127
492662
506167
287698
225408
593265
411892
344127
638026
116589
905570
312177
810443
64900
457780
676214
866407
945468
477217
929795
221977
669171
189529
398796
253149
633512
777687
585911
848537
578955
614969
630157
706664
224193
701155
726659
24644
139173
169487
546362
292156
276993
137340
186273
256733
10763
601018
487652
843943
207917
541311
462293
941257
195063
771582
250958
690027
620415
124856
232316
593066
442774
524944
704597
2238
396141
828577
886364
453288
533430
808701
698402
614367
453890
324024
252427
962480
822203
127671
266514
109982
198022
237701
520467
655618
222620
508994
793757
886476
96672
377500
348891
281382
844232
350788
979341
410207
562462
790574
721159
595331
420694
28756
988675
908566
695529
738225
732149
399304
681494
20546
25248
673158
55614
197314
501789
595314
917492
147655
765699
516405
325359
367128
503025
957025
139678
864935
701959
113665
963324
310519
127347
830081
683205
590961
869842
761708
234344
858166
760634
955954
617723
518336
857424
775164
328165
539624
109961
147473
693151
416812
422327
420167
34002
889727
120921
531629
733196
663648
544720
257802
496718
254442
243883
995141
697607
492191
284926
22763
488055
654828
464014
879415
396889
100984
994352
520285
919410
206906
203662
191555
875248
785693
496588
480205
499584
156635
621412
547235
695250
368826
752436
527473
199012
415212
907769
293742
678701
54706
607372
396283
433839
461005
855560
527482
36246
152973
323964
797695
50769
570379
425747
988004
573758
175197
161374
465168
535703
653441
527454
822382
301880
107318
584589
735918
270053
809939
738733
281631
942742
696380
657498
978677
454673
173490
342902
422154
600262
834824
304449
940197
346244
771747
361660
444049
347236
865611
670791
281985
556793
151868
592772
504343
676053
145963
473188
256182
289564
78323
44810
535187
458814
787449
915691
146835
564575
64073
944700
750596
283286
950520
984667
594836
943596
79926
845017
581269
736535
671782
816893
966343
225912
734842
488914
49795
648729
636003
752908
519347
170903
446238
754803
590644
764316
945958
691920
882433
49828
467578
988998
239531
843427
192811
675971
933709
301717
261322
211089
465315
451680
314580
750101
959814
543588
489431
400577
409835
42531
645231
594185
293791
598385
585761
513283
656064
526824
942818
766961
985076
536571
697528
443922
679431
646978
423175
818435
672580
486852
938975
973454
725267
300825
858751
746547
706826
835930
965063
16344
739220
184360
66263
118839
983314
871512
201573
763894
854748
327844
682761
801633
822930
88160
83914
135973
637800
414889
168611
745909
980299
805895
574627
90869
996193
737128
429670
225798
777987
106385
764220
257314
298505
538045
197868
292331
2654
660548
496641
320017
978901
107185
448990
456336
280590
417385
131491
945307
856991
429319
405296
836953
220489
788792
501592
4677
907382
467732
52313
219976
295945
282830
213686
741568
171322
57415
193207
326990
761929
690380
227167
163742
954788
816806
572223
851758
407238
977400
644041
926592
37215
24708
364211
416719
340731
975000
440951
858940
605620
187599
401524
681973
738056
430
953270
489517
462592
540358
291366
144445
997922
148429
216965
2902
357603
113602
56106
896904
257183
208387
540915
887994
18563
429805
642900
636190
251497
995977
307499
444909
118938
257295
990696
767104
201394
334535
889723
386189
139014
739095
702498
787844
382052
544353
492264
716202
718789
18921
517018
408963
800145
565929
749682
497963
694450
185001
669511
849940
902791
580722
234606
721744
312671
837775
368469
953405
613249
853877
919117
406398
381760
944119
635747
756917
166045
254685
372615
217430
267808
588339
735956
240917
591566
723381
40512
109247
983867
476161
768096
810948
689330
43072
841040
754517
122712
856471
467816
153149
130300
556566
325549
18629
388738
254082
577746
580006
528350
372543
506312
364197
596363
926600
188084
627972
504829
548727
571534
376582
909734
666573
852638
236450
247602
56800
953963
399926
733391
463905
570279
952276
501922
447316
594146
499009
393712
245714
381347
873127
754727
354785
849561
465120
695519
972921
957235
514057
524249
607801
502214
456952
473598
629564
133590
808081
809950
713376
771900
203690
405252
681944
152004
330326
598903
902652
152796
602720
18225
581245
370954
764878
76988
49480
316508
370257
267547
567349
223605
916780
39305
415723
732859
190123
405688
674213
887020
491511
840748
295846
109803
32736
825320
357649
142256
224418
189622
704655
679618
568676
23174
331993
967620
411403
771936
129181
642254
945235
921807
670099
618629
449711
886115
500183
60381
429748
386214
577108
95822
279996
444651
353183
326956
634447
936601
868512
491099
681828
953857
861754
580369
749421
499846
225429
337933
232881
507102
432398
632591
872731
623609
389113
717470
137207
876839
431812
57279
898391
270328
509211
703104
747472
72944
972927
237383
49850
650661
789365
550596
195043
819169
85760
298329
611047
204210
281657
95772
796728
806491
295840
414788
495776
680856
614302
544496
269720
614141
71514
579034
870557
147146
518475
381861
722811
926108
197189
61784
482921
533282
110638
22294
19833
386558
135308
199968
594583
436822
643545
155085
933924
8677
745534
480252
55263
868270
977924
68847
461958
90140
817988
687495
551599
404897
347003
499869
403673
564072
879433
696046
559740
961175
34583
355163
718386
528441
866414
458179
815665
703760
514177
922226
320002
793664
360987
223443
512022
126142
442297
574772
93364
39033
587674
303495
409491
259699
403434
874597
671431
481642
580367
649688
563188
551537
236459
898383
388259
915962
651312
497722
310856
822478
192415
717771
720393
1153
877387
57695
54645
622988
331815
932830
299861
240029
328004
839659
438783
373003
226669
425486
199131
126727
686116
91555
42784
672217
98974
617508
454834
685478
949859
101675
229901
404078
149669
528164
673405
191091
431050
877895
967770
15474
857960
286523
615195
611413
829066
333903
318971
226691
509000
492505
44736
958405
312113
938279
358535
798940
256063
969563
51026
628502
117194
971619
926605
353973
801254
926578
922051
700775
433814
204567
962449
136138
752338
534816
293037
651075
695128
828603
628194
783920
566366
22873
454608
759428
21112
736417
553965
295575
49820
876771
211211
223767
618216
227344
323888
399555
262917
488707
903408
752058
551790
479740
852958
892118
289017
646436
350742
839870
492837
274319
794123
574774
328265
708710
673324
191750
114353
998277
563946
266490
225955
524482
664942
573159
623584
664366
92156
148144
41494
718583
640423
46647
142641
522761
293024
811873
558240
154503
872486
995285
721930
606787
329114
941036
321068
535243
519702
571169
150618
27234
38514
785141
855879
649659
565102
679303
170933
826479
412969
493398
869869
401126
924913
110890
814317
315100
573808
482992
921969
708628
823089
910274
222005
311733
458293
722077
185984
333449
888518
58959
754656
636907
827015
237897
106294
193313
920965
297894
280004
599884
765237
417194
878762
425762
673600
953212
325142
912623
967830
717806
513698
790336
725398
262994
909137
537747
516605
333963
173120
634556
662960
971588
578910
512566
353272
314409
401291
407763
108081
929568
779489
990373
774894
962676
36722
117140
936414
385576
436871
115219
987733
425313
301158
746788
247378
964339
16358
368766
203924
245486
568197
540487
708503
75665
163295
693215
683139
908538
56793
292212
960498
548394
818073
781685
184274
676600
534632
301707
190344
630964
892830
998148
252284
329447
831427
107061
140927
396311
390522
107831
113003
292139
315372
564078
207622
65877
803611
59715
412988
164766
482093
801125
105384
560796
515365
983415
371836
439626
557753
924630
256203
75023
424944
553342
918859
636504
857829
980304
890516
427823
58121
815372
189260
280414
867755
492102
786859
282267
983955
739589
517745
606435
400070
111253
195062
355498
942032
458194
306689
590879
575408
480820
747726
48159
306489
903877
611526
197298
952826
232003
416780
287963
180287
25683
803327
90378
765161
353463
329128
417994
676040
159660
559579
323732
717317
456459
215498
254798
518975
590017
907546
920957
424378
667392
195389
986082
556425
839683
852897
930089
84063
762918
188319
47004
894181
914059
923574
211171
239264
370889
164896
212388
923308
652693
837590
677562
56923
172827
904497
214564
32460
799365
383007
759478
685094
274577
582313
369288
71569
186690
897648
585320
837997
659031
796203
67691
579592
412358
425654
177966
635140
940059
412542
411744
418994
922660
297680
869696
938908
910683
34524
159921
23117
234191
939653
365834
950172
758901
217670
620532
526995
852355
50625
274763
524556
946017
748224
702807
20991
143172
842447
660945
510613
266978
77329
924721
301185
366067
145137
919120
249784
607885
524501
167760
844197
539512
175049
416240
767400
522094
285660
863519
603055
166668
86881
782367
917593
756321
803266
164037
869969
504957
895398
595747
322372
557067
322309
844046
816124
482400
811815
179923
960828
410137
46693
394792
513723
141235
956865
344223
202064
75258
570396
458316
316805
135811
257706
491571
151999
904321
432771
579306
608242
721610
858003
727782
227271
811723
663473
940385
369706
114307
47630
306849
57
266117
894697
291076
226297
212475
732403
791469
297089
759418
765586
775512
759896
689672
464904
242282
490002
17097
897733
170631
571479
799489
258941
996626
698998
147439
350023
693098
709051
538791
160121
273714
610754
177237
49127
126742
32088
944196
836267
214623
24573
859139
377506
896888
832845
150628
875345
995427
60700
295277
383589
689516
710090
118913
11637
324005
407945
568489
852118
22280
770238
951281
920411
581464
338802
996849
620684
671211
914270
607782
907397
64238
846396
768584
266121
419373
795218
547628
819955
897998
777454
193097
251215
798766
636502
42601
512477
1839
572227
854957
873236
914695
491333
531062
873543
367891
201682
50277
834317
876962
556469
219137
408798
672427
631321
959623
413088
267403
430562
577352
908995
952743
258314
258827
325832
778130
479955
224552
624749
69789
297129
234948
62383
957346
730384
443581
681169
434242
568291
703599
928419
151678
611589
578234
708955
54632
153608
412450
682304
169505
791476
468550
427256
846564
511762
581148
241458
635265
789562
265271
41266
939858
992244
192652
106970
764387
386225
382068
596119
139819
726296
107611
290678
499895
637309
672495
144303
517463
77880
94439
222097
279092
695495
771296
889140
862383
392767
988740
851377
182794
621861
108867
587394
670183
50391
702259
569738
981981
771289
136212
542442
755675
136214
487999
201373
431697
221374
818764
380640
434082
991958
516421
408063
327753
791968
188052
75559
162273
171477
629623
645750
514871
968330
546120
262374
420158
2313
673230
189831
593056
863650
964286
807017
298135
831337
200479
68624
734929
421517
313710
656580
797362
966108
855528
360746
237377
839669
213676
419413
956450
559998
523107
28026
625555
340323
49638
164405
910820
718989
903873
154398
29030
825508
656255
162182
137601
92268
165503
297752
87983
475487
425432
801265
984425
124541
325990
356199
44809
132777
733192
9765
304389
490255
172866
836485
415381
328569
882367
661685
267472
858915
49109
414463
123630
111145
208480
520946
443495
964677
821448
997011
26876
140104
171515
34827
306596
790438
267732
688305
203467
962236
195830
61605
448676
239823
930463
592261
184227
432763
14538
946521
800676
154320
461715
97445
632283
203449
77104
502290
545171
223868
909541
126367
131256
516300
827617
416396
806746
123237
673176
843265
450659
629873
802898
443656
468414
996872
466373
315788
274938
185407
821383
747188
545149
82739
170969
269128
2203
611332
234547
628417
513039
436438
23388
291512
8726
636731
25710
455874
410498
399435
264971
60963
371685
36453
303017
18000
499285
665982
81652
274411
128606
544808
699815
129284
56541
506798
544816
659051
262004
687711
400765
554808
772185
802681
856230
505579
809030
713320
544368
187612
714330
549494
43466
321898
905676
615343
183937
520023
961335
534844
880342
372612
563532
756542
852084
60668
264945
778398
427817
814642
490770
680379
878231
677569
585542
993020
995195
106634
386126
257827
542258
763726
782102
580487
99324
421145
811300
593455
566202
679464
425703
937659
182934
928414
931669
669247
315046
701031
396506
48803
938788
290184
732637
725230
792600
751205
823600
60028
504610
495796
346825
815918
873595
396971
583867
46112
757915
532905
209137
369636
505563
313596
648230
276840
852639
993705
441732
319355
481143
980652
222848
548490
34203
213549
614550
96014
842088
889650
488245
307626
374821
433699
673679
461339
865313
29865
530295
945908
321219
453936
576895
61799
38523
655906
531286
693559
375781
518045
36017
539421
860159
665161
240714
761624
919952
272199
636156
91509
873158
616713
800398
958598
631675
238863
259295
119638
811050
907282
997357
823182
850372
513368
667513
938250
685381
790084
922318
361904
985197
648221
249496
889450
172376
468910
282289
32225
305644
392130
997242
424189
819023
90078
50991
623569
21631
298343
921532
535471
590173
762262
760284
489499
896672
906976
764950
882148
591234
42724
692203
326104
210909
791443
947749
728109
261970
120415
388109
886797
168692
211588
659897
47267
943211
690763
918200
300644
115617
402516
143046
832385
179479
758064
315941
769687
738736
284229
468007
691077
929221
66199
502071
667075
659936
573328
166652
246424
989217
62312
369397
243473
458975
951307
221415
905523
636757
438253
764561
416866
402666
525038
493942
727033
12714
807642
871518
520486
515696
259632
467005
689981
135169
396892
839325
303877
358275
644588
530440
526352
237045
35372
150886
584598
190754
231939
323073
334077
370701
150661
995788
741273
620111
307537
979591
381736
728899
878845
138505
951851
726930
565887
107906
343375
564218
351720
663676
687251
32679
388348
420684
112387
546141
329550
923596
809112
342528
116545
686378
867192
147991
173383
760023
704048
636214
502859
935386
63499
346017
860546
199803
877162
8582
578403
671589
278764
696826
620147
357164
505950
203558
128139
630162
468901
916483
22960
211586
297215
747098
502040
573834
512540
686990
37419
568266
66733
983843
233532
656758
269687
176888
535503
734996
250665
179859
295971
347339
240190
496565
671049
896258
348440
726224
657107
32778
735321
163974
15151
878248
54697
148641
96892
295884
887767
161919
506516
982020
773611
115629
824473
517938
36891
8930
371896
758338
64879
708014
355331
366360
32385
371520
774843
807313
961337
502185
25449
63953
221982
451908
687943
477101
27469
601037
791741
732940
404877
472892
696567
25922
56715
562870
715836
230141
360642
392448
727250
512233
79457
849790
628611
57473
637106
497659
444617
977143
907058
846224
236855
466232
544975
199049
572555
771874
88460
769231
294536
868436
134654
608052
706682
253140
662566
325988
331301
596856
911249
69212
774748
622858
228507
386721
613609
451870
951453
598880
322780
716388
803179
71994
354095
283780
767801
13852
283846
396054
584661
708266
830204
380304
110986
594296
841889
47127
516786
547966
482419
883192
791187
86274
797554
85703
279516
467639
23638
592713
662625
800446
959919
900818
395251
623989
561910
94957
353535
336979
988494
759088
372025
218644
117965
320069
518407
338258
761878
895670
726321
237856
951280
353299
871148
397814
471231
824715
608072
80979
470311
601030
52703
831162
66162
996906
141370
662628
19102
240109
595104
560731
955409
377276
621440
159174
648928
382035
303223
769191
557859
289204
404385
202302
473344
779742
271829
229938
810123
924147
448052
889047
27808
738813
178654
969264
226324
331906
7445
871708
781437
256956
145601
210828
559325
716462
28447
92279
151553
948083
944183
513373
764466
638669
439991
600383
214803
290200
975078
971405
868724
396055
411866
702029
113860
367093
944368
702493
793463
478553
750628
919376
203602
667242
9083
273673
876202
398704
344278
909149
488306
802451
510684
804941
48252
372254
613553
178844
467456
20998
567165
304747
264087
694086
217133
80951
142376
541122
299108
62577
796736
770932
110419
284708
229926
52174
704468
41695
344841
253261
589781
308861
591068
790575
903958
379367
848661
971127
799341
980514
475705
716504
94013
196334
85906
15069
471531
528058
7696
949849
527066
436181
477429
259
632364
877848
953206
382942
719874
794271
237409
261316
242187
630487
927035
575860
557544
973631
735616
684003
8742
287410
544863
807750
155698
807929
309277
857231
574419
533022
89674
76118
792982
665454
387755
18268
644977
972469
326699
414948
973055
650078
333537
464467
608225
376605
441130
431933
451715
48402
273045
418920
780867
986160
545944
247978
702461
364045
826099
186351
998041
110194
926319
330812
921312
726828
524635
20397
593166
895315
444180
887886
392306
507254
716107
295742
287273
986980
695344
395192
290011
898058
885504
667125
353604
839692
610715
77850
859718
808091
143331
121530
21503
419757
48708
354072
392420
14358
725761
81736
790816
200561
788364
136403
784704
672411
478786
769451
484109
433252
506143
517345
251187
470104
504074
293395
553369
66441
522724
257914
221475
74259
166893
43919
571540
338869
652674
583135
762521
544123
50907
582797
445735
163434
293698
258170
149439
521228
489026
268459
939734
252564
28593
297106
704940
604006
790070
27637
179790
327247
460949
923961
408746
921602
437847
147459
488652
99753
923300
106216
827411
265417
375576
543498
953679
714021
159574
826334
262949
440994
482468
462105
49771
392675
743948
118083
389885
388074
651276
202979
862573
300516
325893
825493
970136
30366
907470
404872
590831
424401
225006
331164
943724
576348
995728
846277
6564
184656
386763
623759
727650
959730
585006
724465
851058
183009
926089
72632
867255
127910
967615
939621
765325
167793
463872
948150
668322
100455
676075
271857
134824
918153
915752
363266
377785
401186
797945
303990
881462
245427
809308
31854
328310
218103
440710
416149
962050
532429
258681
968337
595529
468861
354572
750956
932747
349190
148987
304358
880853
697278
487729
342311
141646
626866
105170
293002
412814
563155
882743
289274
342076
937406
467647
614853
153875
469165
891136
10483
862829
210627
438428
294086
391755
894791
155444
111089
189217
435502
51573
510745
480637
928043
431696
783893
992268
138178
471827
491495
371268
602784
961651
799119
614977
638902
215988
315040
636093
55702
417391
394720
956014
779051
545256
832849
478737
490804
257975
971891
699909
269433
324526
66001
911766
478362
90740
184436
145771
148229
22314
258562
463465
159706
93109
370379
793530
150814
107620
622641
584133
890212
613427
571625
835519
983050
209977
145836
498575
425231
486335
93164
627878
206184
300472
164550
350814
784245
648723
842377
445562
224040
609718
592073
277608
112574
663101
96786
680868
59412
369540
467106
858115
988123
610245
628067
472053
908768
581991
484936
770204
49172
799232
676335
94841
309962
155873
568530
512430
540274
701611
996367
193053
319544
835258
986744
837416
825449
719790
455788
570812
417155
686107
122837
485798
481073
493006
681526
959167
232528
722379
976635
69904
104069
636230
891552
15792
569465
331237
786921
959718
629158
875400
263475
605502
513899
950980
72506
113972
635790
283056
970986
287908
882570
672972
945449
655511
171418
425064
764762
507937
135681
98294
102772
142912
736064
907727
266500
326974
205084
269384
136999
585627
941112
123977
118000
435786
306061
985270
84905
231153
563554
865390
653645
540037
875780
72296
111181
458403
327661
118528
574150
68370
451375
28004
241087
819101
129675
567933
358952
730158
95221
535138
65333
51706
710774
286901
871604
473267
356709
268344
361369
702430
70312
242416
840519
234413
420544
360612
718330
713971
122569
952550
707243
384797
229221
614893
924146
678416
663400
500658
800529
585847
853733
707888
28325
716235
454520
779420
222501
650077
255801
477213
863791
512567
707022
582089
633993
107238
835910
895221
84982
66132
802688
110727
324215
694725
580893
791542
96138
62543
615927
965984
365893
801971
378967
90824
726967
629185
540867
897894
943175
318419
630460
318292
525226
763767
728114
929486
703819
560793
932218
470434
861079
977306
2100
347185
860634
435172
937613
724638
474236
376932
671515
164320
371227
876441
761050
602591
30222
656420
675804
604949
1360
693840
458314
187842
594822
677931
87400
34486
842130
493642
920062
84093
730941
456538
488784
235938
180381
108725
859041
776527
123426
435121
254351
966936
318436
40431
843787
910860
423369
610579
122858
478854
457012
891883
228857
388649
390037
306758
758604
606356
610024
226776
439874
2938
9214
704646
206214
787597
515971
233011
325402
419764
556302
834915
889481
316146
94225
651780
119570
242062
989351
692067
42258
981230
895094
529759
322682
438049
224735
631839
882198
582757
378722
294817
693815
420740
781643
354954
177092
841813
546197
521664
685699
601635
137395
36218
818985
654504
445799
503795
654524
645317
323511
129499
672941
996850
751617
904684
794918
407211
629425
720684
839695
378030
761290
225916
514723
577692
546073
165237
983303
254922
940233
168747
247445
172950
333976
927996
405304
197926
771216
543903
83801
13538
67658
944476
3339
959597
340653
472238
24945
13754
686621
3406
129693
22120
869695
207708
573863
663818
165722
726415
672949
540238
463266
508690
260635
752551
297109
725391
284263
352529
876678
284484
572570
971861
255657
227103
659359
152553
883345
409629
562065
805862
704774
76578
178854
862460
919294
308347
420183
777908
452846
626633
751127
684740
718840
599998
62150
273117
642306
70532
487095
283633
361816
412524
478500
521556
34399
18484
184731
422865
2348
583844
432989
353767
672003
690279
352393
992042
370942
379171
973569
273926
553422
402508
298064
54106
317950
854906
916358
421453
468078
689407
929060
464170
716949
365481
482455
525139
264361
335495
599157
735763
10844
186900
636374
790662
440392
835049
640821
717705
522192
258361
78150
820431
143701
105430
778243
673868
247887
169053
959992
588138
177908
718262
936303
546121
257089
63843
832704
720075
57586
291463
869331
502458
231001
556537
540750
834256
566001
616725
893694
239842
555569
271660
54764
900742
501996
544638
69268
549854
980324
129959
320171
548971
685800
366491
647370
675164
298114
65727
535941
845080
865555
107434
897290
512630
59674
278189
364865
500862
814621
793694
680552
166391
673821
710479
144647
210971
808850
979352
511231
355927
407050
848234
166126
443182
634605
604521
175597
474777
111802
228829
183301
888917
211830
249981
86883
87297
14411
780060
546868
966332
506750
113651
627971
835543
275410
855327
911737
776839
484494
774066
594255
364838
317180
794413
695796
93043
372898
808401
88935
477495
988692
315388
235424
947436
201827
395651
488613
684722
296769
85342
897529
519096
98196
939553
59360
790172
982082
338793
743001
493376
606410
231117
413194
576361
457266
487327
124311
35303
557012
771223
340721
549176
680736
905555
164621
644265
469819
697166
628157
84895
852013
468688
411459
631567
263625
889508
820381
973962
682565
782145
94354
197638
835834
83334
327174
332892
15258
557526
632239
936221
869911
725644
369437
77881
699550
79311
455771
264574
247060
295469
581462
976606
661724
91333
615624
434889
339624
521655
27331
502739
853775
743261
461076
932247
843479
658782
286383
821480
305033
41516
8946
666601
599497
539364
934182
643195
865601
580577
764224
530156
171852
837327
430615
538456
100799
445332
926205
129832
208927
470053
82262
620108
947758
373950
862980
254202
667150
827064
209757
359086
912207
95371
982585
846116
450436
928162
573270
116607
165160
875641
707163
76319
574902
957607
591515
258757
617041
120427
522536
402268
696888
146652
389120
322671
434658
447314
176177
4166
222007
435895
575212
907071
114322
372494
124912
405782
623635
523181
196084
882247
550102
353760
757594
522434
868325
980205
912124
319545
227569
48838
10820
402224
827571
282930
545680
752088
360212
360079
192964
844963
932289
956448
639421
143640
515501
945274
369600
483416
498918
260301
290144
788238
301407
666691
401041
764872
824115
354876
953920
834836
677256
8802
688437
21334
647809
120945
973957
433943
907386
233547
895356
542400
72559
673611
273695
390528
237754
147711
242975
174146
329394
564579
849770
622637
184961
963137
13741
507996
446606
631523
981785
794902
143647
655774
138472
463426
869816
381086
959873
834347
179599
438142
837611
431819
689821
269717
602601
409846
596449
505029
944682
153324
352128
681392
203377
670692
354465
992637
893482
627195
400910
403512
205629
269584
142039
353395
701919
189884
153007
813303
255767
480024
163728
675764
518381
456324
841926
411919
170637
734181
977877
191592
66669
54786
979860
982759
692371
793688
652508
578795
528938
314135
820106
423946
1788
279915
54696
548160
503613
137874
782850
935055
855357
506439
465940
985413
130167
10187
413883
520394
19273
16604
990708
952396
328740
598383
859235
373579
592780
218709
451437
943650
941325
684016
924598
278136
278652
945512
789943
151108
677407
518055
588823
462268
36188
938226
990957
632985
45713
676905
440339
145004
455800
915354
672598
129274
790487
486470
613632
569008
223655
878716
65179
722828
299343
115903
15788
64366
422356
288429
700126
362117
366788
254223
685427
949443
324646
954064
680089
629486
535205
633095
300548
409260
106556
904629
237667
976217
931196
426767
134310
206104
772452
131386
92906
3112
826840
634961
178695
828001
63282
589136
257200
772068
60289
987298
907870
312490
874780
26735
290389
823011
644782
13779
809913
891900
194449
378980
305082
420954
394276
20836
988320
335845
991221
731917
313064
751436
169793
522809
744270
495024
297690
515629
469411
375926
760164
190190
531209
512606
660620
471331
38979
762216
781343
775798
333367
483328
854382
41646
739323
236999
239936
952242
466360
370523
539699
315206
187782
926623
751105
115216
452850
992864
511282
420193
246349
160752
648201
412143
889730
361947
494536
531953
143423
383215
418908
771969
445117
736556
30050
418681
721954
319115
568342
982720
38160
326565
290373
73153
725685
156572
498093
511013
626951
813610
369960
912486
443734
334156
785262
531403
109217
626619
95506
932845
951506
898661
665289
299133
672917
453367
650699
775038
547812
945720
575857
477153
664605
615863
703758
215892
851365
711847
404617
684939
572907
950370
383547
730770
294526
464381
789412
342087
725219
183351
651107
469171
529287
895445
474072
874546
541494
994030
743845
307250
649424
642478
562564
657830
880261
186540
64006
377008
272727
939073
350380
781926
702304
600357
618328
402135
572077
283966
714147
778899
808155
344145
66274
430632
719925
125256
586385
614560
509759
822177
682423
606165
799102
265169
729368
44649
710368
210571
606625
185397
875043
697498
42939
916961
202671
933049
818432
849823
747866
945810
791121
583480
869902
967196
627167
508480
235189
643844
153240
473158
613366
332170
205509
453384
895621
147665
130082
375128
469881
988938
778307
352454
694297
817831
979472
853575
425993
888230
736314
180363
303739
740836
679113
984867
716889
642933
898241
338812
553982
311575
776741
848115
651702
913042
234829
889424
231807
206350
958891
453993
826870
485704
404067
655157
155934
237169
190913
304934
473540
256894
139496
507212
976393
469106
836085
244892
942031
244390
349575
414978
192327
290651
747225
480136
290204
815612
638950
588158
685670
998569
654769
885426
100851
594864
162061
722416
570164
944269
328467
505822
727065
470951
476187
51091
580549
376291
943597
701690
995000
172964
881645
223162
15848
738712
365638
400837
711050
573403
306520
305383
345672
773487
755573
381796
922228
597892
163368
881623
172081
462116
165267
855251
188119
728323
313561
934591
421982
677862
341218
184960
579322
140429
851163
271260
28836
659573
527259
317429
454308
346951
733284
922638
233010
237721
155217
913279
857351
904769
81825
977743
40339
164135
860989
63765
469811
180493
810234
242066
742266
128664
847233
828242
594105
373490
673473
27453
866823
993939
953380
203693
506907
465351
195525
55269
241972
839404
669971
311832
398938
627223
933128
788289
537990
696305
955721
664792
571930
501745
741390
686518
941982
211300
415693
147242
917955
736808
795693
167368
615663
241409
417189
925152
40162
601148
376882
769288
806790
814034
417733
807108
637444
120796
215228
352444
285867
80781
923739
280404
356769
449231
923987
747435
536755
952016
63190
593034
384151
786756
64443
853726
837368
459675
440254
178010
475656
746133
76363
549006
258997
762896
126753
192170
398924
169865
480749
375456
392003
954810
992682
429782
672376
991763
77690
405498
310330
818215
768804
784740
891038
631428
109673
599750
6314
237170
411777
889330
491432
454569
678495
955844
305662
663110
334042
104421
961667
515753
714298
788348
417851
320943
155695
138414
131944
56971
677358
763913
76948
844980
530702
313133
952589
372785
926318
995779
870033
633710
590637
992239
889189
38023
523938
779737
51764
497850
431163
127650
789420
930662
533787
271337
331869
232216
740177
267564
760638
201095
944828
917129
492279
534243
636227
947010
81648
596205
105952
46095
768617
563835
104678
821957
448735
710617
555156
731003
68502
256514
898168
686843
823604
460100
461512
392974
106489
446204
26212
308399
563193
614006
103566
152985
582687
73056
176604
452931
747498
209815
432922
653476
581906
794969
731176
750341
612743
123815
739740
117800
883954
666959
54156
752627
529635
452563
584312
754576
925363
421038
913667
870971
191455
706359
933176
113121
583154
208690
628928
282511
71344