266798
333848
657368
973778
576723
179598
814967
687494
681402
231724
32913
64134
300899
32223
452932
76926
765337
60722
390846
325152
843949
7972
461376
313398
545228
246635
160517
220636
768882
233198
107989
825608
498103
268186
230640
358955
193581
32445
569278
473573
583860
151353
96086
449044
526138
690415
875128
588208
945843
993053
352324
396478
582284
987764
132955
548726
104965
217585
205795
92745
260096
595666
620249
269169
413353
903610
563525
889938
34443
153151
67485
495434
606774
220455
730009
286983
68380
986134
136198
306939
729821
543803
1285
869345
814397
726115
658712
362642
273807
376332
823223
902824
447569
509747
305903
480830
654011
149871
486486
393073
133145
146363
660463
200416
783641
613154
449970
764774
438557
407759
319152
583276
486430
584948
282233
302066
575361
339760
483099
14380
191078
240692
160381
480930
784374
696331
356681
120022
855994
768191
451650
418595
171843
648930
176610
790947
200414
697626
218456
847922
935052
869323
3435
902113
70016
191993
274195
617817
634049
282917
154397
459849
208059
595366
515807
725789
342418
630652
447067
235488
662745
323517
767586
790319
388929
316989
622482
370868
80691
923883
773122
872869
990848
55326
799200
868287
603451
57542
687551
471120
372360
364536
504991
760833
26095
271956
406450
603117
987020
808320
801602
324416
300008
272280
628426
338926
506344
713948
821756
514056
501776
473282
694311
718358
524524
222906
821952
143305
981957
189372
902103
416059
517192
10985
593612
218960
647630
787220
318709
848063
425916
456677
758723
571318
451671
560698
425303
31623
265130
593992
637334
975277
274218
15895
321983
638111
336066
735415
983026
634255
858868
835086
607307
638630
163372
386711
496302
147331
352269
844978
475772
611170
309471
297268
370565
186489
303225
661693
537885
681927
686007
647481
614992
317661
719552
483515
641431
666748
160966
100369
126048
94101
429698
244498
308652
158362
548610
219639
451295
389847
177858
699327
405255
487408
645620
682740
143351
374870
482546
751410
345070
114830
335076
616446
380711
653021
573868
254380
255757
907748
464649
659821
706162
529476
955700
194938
501312
699250
211711
572276
727058
743672
106902
100680
493444
855585
363211
810561
697833
288864
423225
743917
47622
303802
121779
866715
424590
73384
17330
499554
756437
634542
862391
941653
270660
618321
597563
185670
898255
739736
889360
291986
49221
817684
120385
46871
810276
688403
825385
616968
834403
60321
887156
131583
211979
512253
927899
196858
516905
607692
914978
801077
409283
415748
187333
927406
883260
112637
16887
951127
506308
13714
341767
113366
565073
331741
188474
558870
248804
353546
286460
483437
409524
622485
592516
832313
504751
316104
277604
431837
156450
92739
463302
741307
12607
983461
289653
392902
85078
506814
343803
429502
695788
422776
721423
688394
582763
478483
412565
98452
333324
952448
385925
196327
357936
799785
911439
175913
602612
369126
805967
173998
361070
652138
456973
90249
836768
958666
438965
855177
868522
437366
795798
296476
594420
627443
704215
567431
876281
953125
625667
379429
402711
143651
123553
429417
97862
940852
782289
842134
539035
98294
514636
79338
373387
886
638157
511611
940542
111081
551075
886458
30274
369583
404811
398844
411236
544594
833006
897174
707321
920374
366051
622030
559316
794054
543557
10754
454199
843229
776372
854146
512277
239012
401600
405798
674087
745819
890558
660973
690529
896091
311186
222224
422616
653100
161189
209954
83838
882613
802823
710016
259812
850096
73078
218837
908333
82678
379711
170198
883028
241342
924843
494214
191386
905587
527999
313161
454682
184478
906925
154559
872208
183290
544315
993007
927924
396873
18611
377443
193555
667171
635043
358255
406638
495377
42627
2193
779686
332876
463864
492776
468425
501953
490300
650097
811369
474848
546460
484940
245281
893278
116971
597160
429745
549860
880172
819302
605538
102502
698844
482490
220283
268449
246871
393158
36713
276595
808385
796905
308945
454245
342559
333272
848776
805895
209298
791386
538166
880566
205782
697236
51567
148253
81828
728267
138363
242813
425373
250233
609860
441222
432749
996711
106261
420888
515977
493734
406763
334583
975300
132407
257161
272482
508223
753300
312910
264431
197229
264026
689492
370066
304424
489316
911773
828306
522937
149184
89936
961341
878867
580262
273336
843411
642023
794680
987402
739379
810563
551151
171992
769776
836954
417369
865269
97334
250062
897219
766359
737961
743949
527961
248625
736674
929006
537593
778955
380997
375445
890324
782837
53640
920752
139640
107432
78014
929566
841249
83600
302720
515449
397962
101760
487658
854828
640241
603805
567707
306317
394686
191617
239323
494141
601653
979615
266193
689024
733266
868342
338391
634138
634106
78257
805127
292009
750575
66526
570550
87556
999774
848595
17395
798773
908742
918359
418768
839167
869316
85808
831828
889417
147788
662228
36087
160046
603241
570548
316423
486927
309771
81748
264570
965926
784711
727736
700712
330410
410363
619197
197726
747724
613856
583969
557209
26894
2420
74782
506555
522994
163509
688997
785414
101280
645381
793018
527332
901060
318276
303741
911913
336338
803526
95106
434836
579829
119879
902541
852150
890768
876195
467039
95640
15223
593968
28391
485798
915298
772352
565261
455618
134384
737386
476143
649393
155030
869865
123290
882473
953470
977262
451187
358193
640080
159762
930847
576396
310402
211279
657955
720731
927703
150307
995387
419716
396765
543755
997327
169286
56383
613344
429808
199980
310660
578495
976532
212460
585865
934047
702907
734425
335569
346321
443483
209307
74555
184586
769753
387899
45029
934077
865871
955592
204750
224253
376625
465674
949592
552868
862826
363814
630675
351600
682158
156139
201806
965210
147732
691905
688900
367111
604365
418307
12790
613396
951131
779551
493719
388598
827056
244294
76166
574216
352635
188127
18578
569084
119325
903472
233782
139337
493051
360481
838330
452349
871402
234122
248473
232729
522510
242560
760953
263173
631222
586055
554573
687047
272422
494816
253519
70054
631772
244834
972304
814924
59012
392440
70427
293063
675685
938305
571234
61569
792647
820459
69249
247901
976216
334981
636821
32646
280848
806804
790198
659946
546076
933892
240727
729155
44347
211125
667904
562997
802121
562071
496076
208673
211428
733909
537174
760943
606943
913838
824469
973516
766766
623516
781835
972109
19226
233332
418329
996596
558287
480487
10463
343231
211192
325557
510493
655483
630168
12120
161502
912992
22168
862204
923554
350659
791335
389983
116991
926360
734994
374247
120067
39146
108649
674853
738696
158582
505876
48577
21488
38413
50234
882362
68636
408430
334746
840854
477608
120205
651987
138958
280372
884247
158876
326266
402775
315814
905080
299988
172412
816673
682440
167438
407932
590126
200625
383922
670800
161285
578675
170679
406461
249211
404979
727498
556255
879867
117629
300700
484041
912777
619544
176455
407900
591487
349080
870336